0.000000 
0.000001 
0.000002 
0.000005 
0.000009 
0.000015 
0.000021 
0.000029 
0.000038 
0.000048 
0.000059 
0.000071 
0.000085 
0.000099 
0.000115 
0.000132 
0.000151 
0.000170 
0.000191 
0.000212 
0.000235 
0.000259 
0.000285 
0.000311 
0.000339 
0.000368 
0.000398 
0.000429 
0.000461 
0.000495 
0.000529 
0.000565 
0.000602 
0.000640 
0.000680 
0.000720 
0.000762 
0.000805 
0.000849 
0.000894 
0.000941 
0.000989 
0.001037 
0.001087 
0.001138 
0.001191 
0.001244 
0.001299 
0.001355 
0.001412 
0.001470 
0.001529 
0.001590 
0.001652 
0.001714 
0.001778 
0.001844 
0.001910 
0.001978 
0.002046 
0.002116 
0.002187 
0.002260 
0.002333 
0.002408 
0.002483 
0.002560 
0.002638 
0.002718 
0.002798 
0.002880 
0.002963 
0.003047 
0.003132 
0.003218 
0.003305 
0.003394 
0.003484 
0.003575 
0.003667 
0.003760 
0.003855 
0.003950 
0.004047 
0.004145 
0.004244 
0.004345 
0.004446 
0.004549 
0.004652 
0.004757 
0.004864 
0.004971 
0.005079 
0.005189 
0.005300 
0.005412 
0.005525 
0.005639 
0.005755 
0.005871 
0.005989 
0.006108 
0.006228 
0.006349 
0.006472 
0.006595 
0.006720 
0.006846 
0.006973 
0.007101 
0.007231 
0.007361 
0.007493 
0.007626 
0.007760 
0.007895 
0.008031 
0.008169 
0.008307 
0.008447 
0.008588 
0.008730 
0.008874 
0.009018 
0.009164 
0.009310 
0.009458 
0.009607 
0.009758 
0.009909 
0.010061 
0.010215 
0.010370 
0.010526 
0.010683 
0.010841 
0.011001 
0.011161 
0.011323 
0.011486 
0.011650 
0.011815 
0.011981 
0.012149 
0.012318 
0.012487 
0.012658 
0.012830 
0.013004 
0.013178 
0.013353 
0.013530 
0.013708 
0.013887 
0.014067 
0.014248 
0.014430 
0.014614 
0.014799 
0.014984 
0.015171 
0.015359 
0.015549 
0.015739 
0.015930 
0.016123 
0.016317 
0.016512 
0.016708 
0.016905 
0.017103 
0.017303 
0.017503 
0.017705 
0.017908 
0.018112 
0.018317 
0.018523 
0.018731 
0.018939 
0.019149 
0.019360 
0.019572 
0.019785 
0.019999 
0.020214 
0.020431 
0.020648 
0.020867 
0.021087 
0.021308 
0.021530 
0.021753 
0.021977 
0.022203 
0.022429 
0.022657 
0.022886 
0.023116 
0.023347 
0.023579 
0.023812 
0.024047 
0.024282 
0.024519 
0.024757 
0.024996 
0.025236 
0.025477 
0.025719 
0.025963 
0.026207 
0.026453 
0.026700 
0.026947 
0.027196 
0.027446 
0.027698 
0.027950 
0.028203 
0.028458 
0.028713 
0.028970 
0.029228 
0.029487 
0.029747 
0.030008 
0.030270 
0.030534 
0.030798 
0.031064 
0.031330 
0.031598 
0.031867 
0.032137 
0.032408 
0.032680 
0.032954 
0.033228 
0.033504 
0.033780 
0.034058 
0.034337 
0.034617 
0.034897 
0.035180 
0.035463 
0.035747 
0.036032 
0.036319 
0.036606 
0.036895 
0.037185 
0.037475 
0.037767 
0.038060 
0.038354 
0.038649 
0.038946 
0.039243 
0.039541 
0.039841 
0.040141 
0.040443 
0.040746 
0.041050 
0.041355 
0.041660 
0.041968 
0.042276 
0.042585 
0.042895 
0.043206 
0.043519 
0.043832 
0.044147 
0.044463 
0.044779 
0.045097 
0.045416 
0.045736 
0.046057 
0.046379 
0.046702 
0.047026 
0.047352 
0.047678 
0.048005 
0.048334 
0.048663 
0.048994 
0.049326 
0.049658 
0.049992 
0.050327 
0.050663 
0.051000 
0.051338 
0.051677 
0.052017 
0.052358 
0.052700 
0.053044 
0.053388 
0.053733 
0.054080 
0.054427 
0.054776 
0.055125 
0.055476 
0.055827 
0.056180 
0.056534 
0.056889 
0.057245 
0.057601 
0.057959 
0.058318 
0.058678 
0.059039 
0.059401 
0.059765 
0.060129 
0.060494 
0.060860 
0.061227 
0.061596 
0.061965 
0.062335 
0.062707 
0.063079 
0.063453 
0.063827 
0.064202 
0.064579 
0.064957 
0.065335 
0.065715 
0.066095 
0.066477 
0.066860 
0.067243 
0.067628 
0.068014 
0.068400 
0.068788 
0.069177 
0.069567 
0.069957 
0.070349 
0.070742 
0.071136 
0.071531 
0.071926 
0.072323 
0.072721 
0.073120 
0.073520 
0.073921 
0.074322 
0.074725 
0.075129 
0.075534 
0.075940 
0.076347 
0.076755 
0.077163 
0.077573 
0.077984 
0.078396 
0.078809 
0.079223 
0.079637 
0.080053 
0.080470 
0.080888 
0.081306 
0.081726 
0.082147 
0.082569 
0.082991 
0.083415 
0.083840 
0.084265 
0.084692 
0.085119 
0.085548 
0.085977 
0.086408 
0.086839 
0.087272 
0.087705 
0.088140 
0.088575 
0.089011 
0.089449 
0.089887 
0.090326 
0.090766 
0.091208 
0.091650 
0.092093 
0.092537 
0.092982 
0.093428 
0.093875 
0.094323 
0.094771 
0.095221 
0.095672 
0.096124 
0.096576 
0.097030 
0.097484 
0.097940 
0.098396 
0.098854 
0.099312 
0.099771 
0.100231 
0.100693 
0.101155 
0.101618 
0.102082 
0.102546 
0.103012 
0.103479 
0.103947 
0.104415 
0.104885 
0.105355 
0.105827 
0.106299 
0.106772 
0.107247 
0.107722 
0.108198 
0.108675 
0.109153 
0.109631 
0.110111 
0.110592 
0.111073 
0.111556 
0.112039 
0.112523 
0.113009 
0.113495 
0.113982 
0.114470 
0.114959 
0.115448 
0.115939 
0.116431 
0.116923 
0.117416 
0.117911 
0.118406 
0.118902 
0.119399 
0.119897 
0.120395 
0.120895 
0.121396 
0.121897 
0.122399 
0.122903 
0.123407 
0.123912 
0.124417 
0.124924 
0.125432 
0.125940 
0.126450 
0.126960 
0.127471 
0.127983 
0.128496 
0.129010 
0.129524 
0.130040 
0.130556 
0.131074 
0.131592 
0.132111 
0.132631 
0.133151 
0.133673 
0.134195 
0.134719 
0.135243 
0.135768 
0.136294 
0.136820 
0.137348 
0.137876 
0.138406 
0.138936 
0.139467 
0.139999 
0.140531 
0.141065 
0.141599 
0.142135 
0.142671 
0.143208 
0.143745 
0.144284 
0.144823 
0.145364 
0.145905 
0.146447 
0.146989 
0.147533 
0.148077 
0.148623 
0.149169 
0.149716 
0.150263 
0.150812 
0.151361 
0.151911 
0.152462 
0.153014 
0.153567 
0.154120 
0.154675 
0.155230 
0.155786 
0.156342 
0.156900 
0.157458 
0.158017 
0.158577 
0.159138 
0.159699 
0.160262 
0.160825 
0.161389 
0.161954 
0.162519 
0.163086 
0.163653 
0.164221 
0.164789 
0.165359 
0.165929 
0.166500 
0.167072 
0.167645 
0.168218 
0.168792 
0.169367 
0.169943 
0.170519 
0.171097 
0.171675 
0.172254 
0.172833 
0.173414 
0.173995 
0.174577 
0.175159 
0.175743 
0.176327 
0.176912 
0.177498 
0.178084 
0.178671 
0.179259 
0.179848 
0.180438 
0.181028 
0.181619 
0.182211 
0.182803 
0.183397 
0.183991 
0.184585 
0.185181 
0.185777 
0.186374 
0.186972 
0.187570 
0.188169 
0.188769 
0.189370 
0.189971 
0.190573 
0.191176 
0.191780 
0.192384 
0.192989 
0.193595 
0.194201 
0.194809 
0.195416 
0.196025 
0.196634 
0.197244 
0.197855 
0.198467 
0.199079 
0.199692 
0.200305 
0.200920 
0.201535 
0.202150 
0.202767 
0.203384 
0.204002 
0.204620 
0.205239 
0.205859 
0.206480 
0.207101 
0.207723 
0.208346 
0.208969 
0.209593 
0.210218 
0.210843 
0.211469 
0.212096 
0.212723 
0.213351 
0.213980 
0.214610 
0.215240 
0.215871 
0.216502 
0.217134 
0.217767 
0.218400 
0.219034 
0.219669 
0.220305 
0.220941 
0.221577 
0.222215 
0.222853 
0.223492 
0.224131 
0.224771 
0.225412 
0.226053 
0.226695 
0.227338 
0.227981 
0.228625 
0.229269 
0.229914 
0.230560 
0.231206 
0.231854 
0.232501 
0.233149 
0.233798 
0.234448 
0.235098 
0.235749 
0.236400 
0.237052 
0.237705 
0.238358 
0.239012 
0.239667 
0.240322 
0.240978 
0.241634 
0.242291 
0.242949 
0.243607 
0.244266 
0.244925 
0.245585 
0.246245 
0.246907 
0.247568 
0.248231 
0.248894 
0.249557 
0.250221 
0.250886 
0.251551 
0.252217 
0.252884 
0.253551 
0.254219 
0.254887 
0.255556 
0.256225 
0.256895 
0.257565 
0.258236 
0.258908 
0.259580 
0.260253 
0.260926 
0.261600 
0.262275 
0.262950 
0.263625 
0.264302 
0.264978 
0.265656 
0.266333 
0.267012 
0.267691 
0.268370 
0.269050 
0.269731 
0.270412 
0.271093 
0.271776 
0.272458 
0.273141 
0.273825 
0.274510 
0.275194 
0.275880 
0.276566 
0.277252 
0.277939 
0.278626 
0.279314 
0.280003 
0.280692 
0.281381 
0.282071 
0.282762 
0.283453 
0.284145 
0.284837 
0.285529 
0.286222 
0.286916 
0.287610 
0.288305 
0.289000 
0.289695 
0.290392 
0.291088 
0.291785 
0.292483 
0.293181 
0.293879 
0.294578 
0.295278 
0.295978 
0.296678 
0.297379 
0.298081 
0.298783 
0.299485 
0.300188 
0.300891 
0.301595 
0.302299 
0.303004 
0.303709 
0.304415 
0.305121 
0.305827 
0.306534 
0.307242 
0.307950 
0.308658 
0.309367 
0.310076 
0.310786 
0.311496 
0.312207 
0.312918 
0.313630 
0.314341 
0.315054 
0.315767 
0.316480 
0.317194 
0.317908 
0.318622 
0.319337 
0.320052 
0.320768 
0.321485 
0.322201 
0.322918 
0.323636 
0.324354 
0.325072 
0.325791 
0.326510 
0.327229 
0.327949 
0.328670 
0.329390 
0.330112 
0.330833 
0.331555 
0.332277 
0.333000 
0.333723 
0.334447 
0.335171 
0.335895 
0.336620 
0.337345 
0.338070 
0.338796 
0.339522 
0.340249 
0.340976 
0.341703 
0.342431 
0.343159 
0.343888 
0.344616 
0.345346 
0.346075 
0.346805 
0.347535 
0.348266 
0.348997 
0.349728 
0.350460 
0.351192 
0.351925 
0.352657 
0.353390 
0.354124 
0.354858 
0.355592 
0.356326 
0.357061 
0.357796 
0.358532 
0.359267 
0.360004 
0.360740 
0.361477 
0.362214 
0.362952 
0.363689 
0.364427 
0.365166 
0.365905 
0.366644 
0.367383 
0.368123 
0.368863 
0.369603 
0.370344 
0.371084 
0.371826 
0.372567 
0.373309 
0.374051 
0.374794 
0.375536 
0.376279 
0.377023 
0.377766 
0.378510 
0.379254 
0.379999 
0.380743 
0.381488 
0.382233 
0.382979 
0.383725 
0.384471 
0.385217 
0.385964 
0.386711 
0.387458 
0.388205 
0.388953 
0.389701 
0.390449 
0.391198 
0.391947 
0.392696 
0.393445 
0.394194 
0.394944 
0.395694 
0.396444 
0.397195 
0.397946 
0.398696 
0.399448 
0.400199 
0.400951 
0.401703 
0.402455 
0.403207 
0.403960 
0.404713 
0.405466 
0.406219 
0.406972 
0.407726 
0.408480 
0.409234 
0.409989 
0.410743 
0.411498 
0.412253 
0.413008 
0.413763 
0.414519 
0.415275 
0.416031 
0.416787 
0.417543 
0.418300 
0.419057 
0.419814 
0.420571 
0.421328 
0.422086 
0.422844 
0.423601 
0.424360 
0.425118 
0.425876 
0.426635 
0.427393 
0.428152 
0.428912 
0.429671 
0.430430 
0.431190 
0.431950 
0.432710 
0.433470 
0.434230 
0.434990 
0.435751 
0.436512 
0.437273 
0.438034 
0.438795 
0.439556 
0.440317 
0.441079 
0.441841 
0.442603 
0.443365 
0.444127 
0.444889 
0.445651 
0.446414 
0.447176 
0.447939 
0.448702 
0.449465 
0.450228 
0.450991 
0.451755 
0.452518 
0.453282 
0.454046 
0.454809 
0.455573 
0.456337 
0.457101 
0.457866 
0.458630 
0.459394 
0.460159 
0.460923 
0.461688 
0.462453 
0.463218 
0.463983 
0.464748 
0.465513 
0.466278 
0.467043 
0.467809 
0.468574 
0.469340 
0.470105 
0.470871 
0.471637 
0.472402 
0.473168 
0.473934 
0.474700 
0.475466 
0.476232 
0.476998 
0.477765 
0.478531 
0.479297 
0.480064 
0.480830 
0.481596 
0.482363 
0.483129 
0.483896 
0.484663 
0.485429 
0.486196 
0.486963 
0.487729 
0.488496 
0.489263 
0.490030 
0.490797 
0.491564 
0.492330 
0.493097 
0.493864 
0.494631 
0.495398 
0.496165 
0.496932 
0.497699 
0.498466 
0.499233 
0.500000 
0.500767 
0.501534 
0.502301 
0.503068 
0.503835 
0.504602 
0.505369 
0.506136 
0.506903 
0.507670 
0.508437 
0.509203 
0.509970 
0.510737 
0.511504 
0.512271 
0.513037 
0.513804 
0.514571 
0.515337 
0.516104 
0.516871 
0.517637 
0.518404 
0.519170 
0.519937 
0.520703 
0.521469 
0.522235 
0.523002 
0.523768 
0.524534 
0.525300 
0.526066 
0.526832 
0.527598 
0.528363 
0.529129 
0.529895 
0.530660 
0.531426 
0.532191 
0.532957 
0.533722 
0.534487 
0.535252 
0.536017 
0.536782 
0.537547 
0.538312 
0.539077 
0.539841 
0.540606 
0.541370 
0.542134 
0.542899 
0.543663 
0.544427 
0.545191 
0.545954 
0.546718 
0.547482 
0.548245 
0.549009 
0.549772 
0.550535 
0.551298 
0.552061 
0.552824 
0.553586 
0.554349 
0.555111 
0.555873 
0.556635 
0.557397 
0.558159 
0.558921 
0.559683 
0.560444 
0.561205 
0.561967 
0.562727 
0.563488 
0.564249 
0.565010 
0.565770 
0.566530 
0.567290 
0.568050 
0.568810 
0.569570 
0.570329 
0.571088 
0.571847 
0.572607 
0.573365 
0.574124 
0.574882 
0.575641 
0.576399 
0.577156 
0.577914 
0.578672 
0.579429 
0.580186 
0.580943 
0.581700 
0.582457 
0.583213 
0.583969 
0.584725 
0.585481 
0.586237 
0.586992 
0.587747 
0.588502 
0.589257 
0.590011 
0.590766 
0.591520 
0.592274 
0.593028 
0.593781 
0.594534 
0.595287 
0.596040 
0.596793 
0.597545 
0.598297 
0.599049 
0.599801 
0.600552 
0.601304 
0.602054 
0.602805 
0.603556 
0.604306 
0.605056 
0.605806 
0.606555 
0.607304 
0.608053 
0.608802 
0.609551 
0.610299 
0.611047 
0.611794 
0.612542 
0.613289 
0.614036 
0.614783 
0.615529 
0.616275 
0.617021 
0.617766 
0.618512 
0.619257 
0.620001 
0.620746 
0.621490 
0.622234 
0.622977 
0.623721 
0.624464 
0.625207 
0.625949 
0.626691 
0.627433 
0.628174 
0.628916 
0.629656 
0.630397 
0.631137 
0.631877 
0.632617 
0.633356 
0.634095 
0.634834 
0.635573 
0.636311 
0.637048 
0.637786 
0.638523 
0.639260 
0.639996 
0.640732 
0.641468 
0.642204 
0.642939 
0.643674 
0.644408 
0.645142 
0.645876 
0.646610 
0.647343 
0.648075 
0.648808 
0.649540 
0.650272 
0.651003 
0.651734 
0.652465 
0.653195 
0.653925 
0.654654 
0.655384 
0.656112 
0.656841 
0.657569 
0.658297 
0.659024 
0.659751 
0.660478 
0.661204 
0.661930 
0.662655 
0.663380 
0.664105 
0.664829 
0.665553 
0.666277 
0.667000 
0.667723 
0.668445 
0.669167 
0.669888 
0.670610 
0.671330 
0.672051 
0.672771 
0.673490 
0.674209 
0.674928 
0.675646 
0.676364 
0.677082 
0.677799 
0.678515 
0.679232 
0.679948 
0.680663 
0.681378 
0.682092 
0.682806 
0.683520 
0.684233 
0.684946 
0.685659 
0.686371 
0.687082 
0.687793 
0.688504 
0.689214 
0.689924 
0.690633 
0.691342 
0.692050 
0.692758 
0.693465 
0.694173 
0.694879 
0.695585 
0.696291 
0.696996 
0.697701 
0.698405 
0.699109 
0.699812 
0.700515 
0.701217 
0.701919 
0.702621 
0.703322 
0.704022 
0.704722 
0.705422 
0.706121 
0.706819 
0.707517 
0.708215 
0.708912 
0.709608 
0.710305 
0.711000 
0.711695 
0.712390 
0.713084 
0.713778 
0.714471 
0.715163 
0.715855 
0.716547 
0.717238 
0.717929 
0.718619 
0.719308 
0.719997 
0.720686 
0.721374 
0.722061 
0.722748 
0.723435 
0.724120 
0.724806 
0.725490 
0.726175 
0.726859 
0.727542 
0.728225 
0.728907 
0.729588 
0.730269 
0.730950 
0.731630 
0.732309 
0.732988 
0.733667 
0.734344 
0.735022 
0.735698 
0.736374 
0.737050 
0.737725 
0.738400 
0.739073 
0.739747 
0.740420 
0.741092 
0.741764 
0.742435 
0.743105 
0.743775 
0.744444 
0.745113 
0.745781 
0.746449 
0.747116 
0.747783 
0.748448 
0.749114 
0.749779 
0.750443 
0.751106 
0.751769 
0.752432 
0.753093 
0.753754 
0.754415 
0.755075 
0.755734 
0.756393 
0.757051 
0.757709 
0.758366 
0.759022 
0.759678 
0.760333 
0.760988 
0.761642 
0.762295 
0.762948 
0.763600 
0.764251 
0.764902 
0.765552 
0.766202 
0.766851 
0.767499 
0.768147 
0.768794 
0.769440 
0.770086 
0.770731 
0.771375 
0.772019 
0.772663 
0.773305 
0.773947 
0.774588 
0.775229 
0.775869 
0.776508 
0.777147 
0.777785 
0.778423 
0.779059 
0.779695 
0.780331 
0.780966 
0.781600 
0.782233 
0.782866 
0.783498 
0.784130 
0.784760 
0.785390 
0.786020 
0.786649 
0.787277 
0.787904 
0.788531 
0.789157 
0.789782 
0.790407 
0.791031 
0.791654 
0.792277 
0.792899 
0.793520 
0.794141 
0.794761 
0.795380 
0.795998 
0.796616 
0.797233 
0.797850 
0.798465 
0.799080 
0.799695 
0.800308 
0.800921 
0.801533 
0.802145 
0.802756 
0.803366 
0.803975 
0.804584 
0.805191 
0.805799 
0.806405 
0.807011 
0.807616 
0.808220 
0.808824 
0.809426 
0.810029 
0.810630 
0.811231 
0.811831 
0.812430 
0.813028 
0.813626 
0.814223 
0.814819 
0.815415 
0.816009 
0.816603 
0.817197 
0.817789 
0.818381 
0.818972 
0.819562 
0.820152 
0.820740 
0.821329 
0.821916 
0.822502 
0.823088 
0.823673 
0.824257 
0.824841 
0.825423 
0.826005 
0.826586 
0.827167 
0.827746 
0.828325 
0.828903 
0.829481 
0.830057 
0.830633 
0.831208 
0.831782 
0.832356 
0.832928 
0.833500 
0.834071 
0.834641 
0.835211 
0.835780 
0.836347 
0.836915 
0.837481 
0.838046 
0.838611 
0.839175 
0.839738 
0.840300 
0.840862 
0.841423 
0.841983 
0.842542 
0.843100 
0.843658 
0.844214 
0.844770 
0.845325 
0.845880 
0.846433 
0.846986 
0.847538 
0.848089 
0.848639 
0.849188 
0.849737 
0.850284 
0.850831 
0.851377 
0.851923 
0.852467 
0.853011 
0.853553 
0.854095 
0.854636 
0.855177 
0.855716 
0.856255 
0.856792 
0.857329 
0.857865 
0.858401 
0.858935 
0.859469 
0.860001 
0.860533 
0.861064 
0.861594 
0.862124 
0.862652 
0.863180 
0.863706 
0.864232 
0.864757 
0.865281 
0.865805 
0.866327 
0.866849 
0.867370 
0.867889 
0.868408 
0.868926 
0.869444 
0.869960 
0.870475 
0.870990 
0.871504 
0.872017 
0.872529 
0.873040 
0.873550 
0.874060 
0.874568 
0.875076 
0.875583 
0.876088 
0.876593 
0.877097 
0.877601 
0.878103 
0.878604 
0.879105 
0.879605 
0.880103 
0.880601 
0.881098 
0.881594 
0.882089 
0.882584 
0.883077 
0.883570 
0.884061 
0.884552 
0.885041 
0.885530 
0.886018 
0.886505 
0.886991 
0.887477 
0.887961 
0.888444 
0.888927 
0.889408 
0.889889 
0.890369 
0.890848 
0.891325 
0.891802 
0.892278 
0.892753 
0.893228 
0.893701 
0.894173 
0.894645 
0.895115 
0.895585 
0.896053 
0.896521 
0.896988 
0.897454 
0.897918 
0.898382 
0.898845 
0.899307 
0.899769 
0.900229 
0.900688 
0.901146 
0.901604 
0.902060 
0.902516 
0.902970 
0.903424 
0.903876 
0.904328 
0.904779 
0.905229 
0.905677 
0.906125 
0.906572 
0.907018 
0.907463 
0.907907 
0.908350 
0.908792 
0.909234 
0.909674 
0.910113 
0.910551 
0.910989 
0.911425 
0.911860 
0.912295 
0.912728 
0.913161 
0.913592 
0.914023 
0.914452 
0.914881 
0.915308 
0.915735 
0.916161 
0.916585 
0.917009 
0.917431 
0.917853 
0.918274 
0.918694 
0.919112 
0.919530 
0.919947 
0.920363 
0.920777 
0.921191 
0.921604 
0.922016 
0.922427 
0.922837 
0.923245 
0.923653 
0.924060 
0.924466 
0.924871 
0.925275 
0.925678 
0.926079 
0.926480 
0.926880 
0.927279 
0.927677 
0.928074 
0.928469 
0.928864 
0.929258 
0.929651 
0.930043 
0.930433 
0.930823 
0.931212 
0.931600 
0.931986 
0.932372 
0.932757 
0.933141 
0.933523 
0.933905 
0.934285 
0.934665 
0.935043 
0.935421 
0.935798 
0.936173 
0.936547 
0.936921 
0.937293 
0.937665 
0.938035 
0.938404 
0.938773 
0.939140 
0.939506 
0.939871 
0.940235 
0.940598 
0.940961 
0.941322 
0.941682 
0.942041 
0.942399 
0.942755 
0.943111 
0.943466 
0.943820 
0.944173 
0.944524 
0.944875 
0.945224 
0.945573 
0.945920 
0.946267 
0.946612 
0.946956 
0.947300 
0.947642 
0.947983 
0.948323 
0.948662 
0.949000 
0.949337 
0.949673 
0.950008 
0.950342 
0.950674 
0.951006 
0.951337 
0.951666 
0.951995 
0.952322 
0.952648 
0.952974 
0.953298 
0.953621 
0.953943 
0.954264 
0.954584 
0.954903 
0.955221 
0.955537 
0.955853 
0.956168 
0.956481 
0.956794 
0.957105 
0.957415 
0.957724 
0.958033 
0.958340 
0.958646 
0.958950 
0.959254 
0.959557 
0.959859 
0.960159 
0.960459 
0.960757 
0.961054 
0.961351 
0.961646 
0.961940 
0.962233 
0.962525 
0.962815 
0.963105 
0.963394 
0.963681 
0.963968 
0.964253 
0.964537 
0.964820 
0.965102 
0.965383 
0.965663 
0.965942 
0.966220 
0.966496 
0.966772 
0.967046 
0.967320 
0.967592 
0.967863 
0.968133 
0.968402 
0.968669 
0.968936 
0.969202 
0.969466 
0.969730 
0.969992 
0.970253 
0.970513 
0.970772 
0.971030 
0.971287 
0.971542 
0.971797 
0.972050 
0.972302 
0.972554 
0.972804 
0.973053 
0.973301 
0.973547 
0.973793 
0.974037 
0.974281 
0.974523 
0.974764 
0.975004 
0.975243 
0.975481 
0.975718 
0.975953 
0.976188 
0.976421 
0.976653 
0.976884 
0.977114 
0.977343 
0.977571 
0.977797 
0.978023 
0.978247 
0.978470 
0.978692 
0.978913 
0.979133 
0.979352 
0.979569 
0.979786 
0.980001 
0.980215 
0.980428 
0.980640 
0.980851 
0.981061 
0.981269 
0.981477 
0.981683 
0.981888 
0.982092 
0.982295 
0.982497 
0.982697 
0.982897 
0.983095 
0.983292 
0.983488 
0.983683 
0.983877 
0.984070 
0.984261 
0.984451 
0.984641 
0.984829 
0.985016 
0.985201 
0.985386 
0.985570 
0.985752 
0.985933 
0.986113 
0.986292 
0.986470 
0.986647 
0.986822 
0.986997 
0.987170 
0.987342 
0.987513 
0.987682 
0.987851 
0.988019 
0.988185 
0.988350 
0.988514 
0.988677 
0.988839 
0.988999 
0.989159 
0.989317 
0.989474 
0.989630 
0.989785 
0.989939 
0.990091 
0.990242 
0.990393 
0.990542 
0.990690 
0.990836 
0.990982 
0.991126 
0.991270 
0.991412 
0.991553 
0.991693 
0.991831 
0.991969 
0.992105 
0.992240 
0.992374 
0.992507 
0.992639 
0.992769 
0.992899 
0.993027 
0.993154 
0.993280 
0.993405 
0.993528 
0.993651 
0.993772 
0.993892 
0.994011 
0.994129 
0.994245 
0.994361 
0.994475 
0.994588 
0.994700 
0.994811 
0.994921 
0.995029 
0.995136 
0.995243 
0.995348 
0.995451 
0.995554 
0.995655 
0.995756 
0.995855 
0.995953 
0.996050 
0.996145 
0.996240 
0.996333 
0.996425 
0.996516 
0.996606 
0.996695 
0.996782 
0.996868 
0.996953 
0.997037 
0.997120 
0.997202 
0.997282 
0.997362 
0.997440 
0.997517 
0.997592 
0.997667 
0.997740 
0.997813 
0.997884 
0.997954 
0.998022 
0.998090 
0.998156 
0.998221 
0.998286 
0.998348 
0.998410 
0.998471 
0.998530 
0.998588 
0.998645 
0.998701 
0.998756 
0.998809 
0.998861 
0.998913 
0.998963 
0.999011 
0.999059 
0.999106 
0.999151 
0.999195 
0.999238 
0.999279 
0.999320 
0.999359 
0.999398 
0.999435 
0.999471 
0.999505 
0.999539 
0.999571 
0.999602 
0.999632 
0.999661 
0.999689 
0.999715 
0.999741 
0.999765 
0.999788 
0.999809 
0.999830 
0.999849 
0.999868 
0.999885 
0.999901 
0.999915 
0.999929 
0.999941 
0.999952 
0.999962 
0.999971 
0.999979 
0.999985 
0.999991 
0.999995 
0.999998 
0.999999 
1.000000 
0.999999 
0.999998 
0.999995 
0.999991 
0.999985 
0.999979 
0.999971 
0.999962 
0.999952 
0.999941 
0.999929 
0.999915 
0.999901 
0.999885 
0.999868 
0.999849 
0.999830 
0.999809 
0.999788 
0.999765 
0.999741 
0.999715 
0.999689 
0.999661 
0.999632 
0.999602 
0.999571 
0.999539 
0.999505 
0.999471 
0.999435 
0.999398 
0.999359 
0.999320 
0.999279 
0.999238 
0.999195 
0.999151 
0.999106 
0.999059 
0.999011 
0.998963 
0.998913 
0.998861 
0.998809 
0.998756 
0.998701 
0.998645 
0.998588 
0.998530 
0.998471 
0.998410 
0.998348 
0.998286 
0.998221 
0.998156 
0.998090 
0.998022 
0.997954 
0.997884 
0.997813 
0.997740 
0.997667 
0.997592 
0.997517 
0.997440 
0.997362 
0.997282 
0.997202 
0.997120 
0.997037 
0.996954 
0.996868 
0.996782 
0.996695 
0.996606 
0.996516 
0.996425 
0.996333 
0.996240 
0.996145 
0.996050 
0.995953 
0.995855 
0.995756 
0.995655 
0.995554 
0.995451 
0.995348 
0.995243 
0.995136 
0.995029 
0.994921 
0.994811 
0.994700 
0.994588 
0.994475 
0.994361 
0.994245 
0.994129 
0.994011 
0.993892 
0.993772 
0.993651 
0.993528 
0.993405 
0.993280 
0.993154 
0.993027 
0.992899 
0.992769 
0.992639 
0.992507 
0.992374 
0.992240 
0.992105 
0.991969 
0.991831 
0.991693 
0.991553 
0.991412 
0.991270 
0.991126 
0.990982 
0.990836 
0.990690 
0.990542 
0.990393 
0.990242 
0.990091 
0.989939 
0.989785 
0.989630 
0.989474 
0.989317 
0.989159 
0.988999 
0.988839 
0.988677 
0.988514 
0.988350 
0.988185 
0.988019 
0.987851 
0.987682 
0.987513 
0.987342 
0.987170 
0.986997 
0.986822 
0.986647 
0.986470 
0.986292 
0.986113 
0.985933 
0.985752 
0.985570 
0.985386 
0.985201 
0.985016 
0.984829 
0.984641 
0.984451 
0.984261 
0.984070 
0.983877 
0.983683 
0.983488 
0.983292 
0.983095 
0.982897 
0.982697 
0.982497 
0.982295 
0.982092 
0.981888 
0.981683 
0.981477 
0.981269 
0.981061 
0.980851 
0.980640 
0.980428 
0.980215 
0.980001 
0.979786 
0.979569 
0.979352 
0.979133 
0.978913 
0.978692 
0.978470 
0.978247 
0.978023 
0.977797 
0.977571 
0.977343 
0.977114 
0.976884 
0.976653 
0.976421 
0.976188 
0.975953 
0.975718 
0.975481 
0.975243 
0.975004 
0.974764 
0.974523 
0.974281 
0.974037 
0.973793 
0.973547 
0.973301 
0.973053 
0.972804 
0.972554 
0.972302 
0.972050 
0.971797 
0.971542 
0.971287 
0.971030 
0.970772 
0.970513 
0.970253 
0.969992 
0.969730 
0.969466 
0.969202 
0.968936 
0.968669 
0.968402 
0.968133 
0.967863 
0.967592 
0.967320 
0.967046 
0.966772 
0.966496 
0.966220 
0.965942 
0.965663 
0.965383 
0.965102 
0.964820 
0.964537 
0.964253 
0.963968 
0.963681 
0.963394 
0.963105 
0.962815 
0.962525 
0.962233 
0.961940 
0.961646 
0.961351 
0.961054 
0.960757 
0.960459 
0.960159 
0.959859 
0.959557 
0.959254 
0.958950 
0.958646 
0.958340 
0.958033 
0.957724 
0.957415 
0.957105 
0.956794 
0.956481 
0.956168 
0.955853 
0.955537 
0.955221 
0.954903 
0.954584 
0.954264 
0.953943 
0.953621 
0.953298 
0.952974 
0.952648 
0.952322 
0.951995 
0.951666 
0.951337 
0.951006 
0.950674 
0.950342 
0.950008 
0.949673 
0.949337 
0.949000 
0.948662 
0.948323 
0.947983 
0.947642 
0.947300 
0.946956 
0.946612 
0.946267 
0.945920 
0.945573 
0.945224 
0.944875 
0.944524 
0.944173 
0.943820 
0.943466 
0.943111 
0.942755 
0.942399 
0.942041 
0.941682 
0.941322 
0.940961 
0.940598 
0.940235 
0.939871 
0.939506 
0.939140 
0.938773 
0.938404 
0.938035 
0.937665 
0.937293 
0.936921 
0.936547 
0.936173 
0.935798 
0.935421 
0.935043 
0.934665 
0.934285 
0.933905 
0.933523 
0.933141 
0.932757 
0.932372 
0.931986 
0.931600 
0.931212 
0.930823 
0.930433 
0.930043 
0.929651 
0.929258 
0.928864 
0.928470 
0.928074 
0.927677 
0.927279 
0.926880 
0.926480 
0.926079 
0.925678 
0.925275 
0.924871 
0.924466 
0.924060 
0.923653 
0.923245 
0.922837 
0.922427 
0.922016 
0.921604 
0.921191 
0.920777 
0.920363 
0.919947 
0.919530 
0.919112 
0.918694 
0.918274 
0.917853 
0.917431 
0.917009 
0.916585 
0.916160 
0.915735 
0.915308 
0.914881 
0.914452 
0.914022 
0.913592 
0.913160 
0.912728 
0.912295 
0.911860 
0.911425 
0.910989 
0.910551 
0.910113 
0.909674 
0.909234 
0.908792 
0.908350 
0.907907 
0.907463 
0.907018 
0.906572 
0.906125 
0.905677 
0.905229 
0.904779 
0.904328 
0.903876 
0.903424 
0.902970 
0.902516 
0.902060 
0.901604 
0.901146 
0.900688 
0.900229 
0.899769 
0.899307 
0.898845 
0.898382 
0.897918 
0.897454 
0.896988 
0.896521 
0.896053 
0.895585 
0.895115 
0.894645 
0.894173 
0.893701 
0.893228 
0.892753 
0.892278 
0.891802 
0.891325 
0.890847 
0.890369 
0.889889 
0.889408 
0.888927 
0.888444 
0.887961 
0.887477 
0.886991 
0.886505 
0.886018 
0.885530 
0.885041 
0.884552 
0.884061 
0.883570 
0.883077 
0.882584 
0.882089 
0.881594 
0.881098 
0.880601 
0.880103 
0.879605 
0.879105 
0.878604 
0.878103 
0.877601 
0.877097 
0.876593 
0.876088 
0.875583 
0.875076 
0.874568 
0.874060 
0.873550 
0.873040 
0.872529 
0.872017 
0.871504 
0.870990 
0.870476 
0.869960 
0.869444 
0.868926 
0.868408 
0.867889 
0.867369 
0.866849 
0.866327 
0.865805 
0.865281 
0.864757 
0.864232 
0.863706 
0.863180 
0.862652 
0.862124 
0.861594 
0.861064 
0.860533 
0.860001 
0.859469 
0.858935 
0.858401 
0.857866 
0.857329 
0.856793 
0.856255 
0.855716 
0.855177 
0.854636 
0.854095 
0.853553 
0.853011 
0.852467 
0.851923 
0.851377 
0.850831 
0.850284 
0.849737 
0.849188 
0.848639 
0.848089 
0.847538 
0.846986 
0.846433 
0.845880 
0.845325 
0.844770 
0.844214 
0.843658 
0.843100 
0.842542 
0.841983 
0.841423 
0.840862 
0.840300 
0.839738 
0.839175 
0.838611 
0.838046 
0.837481 
0.836915 
0.836347 
0.835779 
0.835211 
0.834641 
0.834071 
0.833500 
0.832928 
0.832355 
0.831782 
0.831208 
0.830633 
0.830057 
0.829481 
0.828903 
0.828325 
0.827746 
0.827167 
0.826586 
0.826005 
0.825423 
0.824841 
0.824257 
0.823673 
0.823088 
0.822502 
0.821916 
0.821329 
0.820741 
0.820152 
0.819562 
0.818972 
0.818381 
0.817789 
0.817197 
0.816603 
0.816009 
0.815415 
0.814819 
0.814223 
0.813626 
0.813028 
0.812430 
0.811831 
0.811231 
0.810630 
0.810029 
0.809426 
0.808824 
0.808220 
0.807616 
0.807011 
0.806405 
0.805799 
0.805191 
0.804583 
0.803975 
0.803366 
0.802755 
0.802145 
0.801533 
0.800921 
0.800308 
0.799695 
0.799080 
0.798465 
0.797850 
0.797233 
0.796616 
0.795998 
0.795380 
0.794761 
0.794141 
0.793520 
0.792899 
0.792277 
0.791654 
0.791031 
0.790407 
0.789782 
0.789157 
0.788531 
0.787904 
0.787277 
0.786649 
0.786020 
0.785390 
0.784760 
0.784129 
0.783498 
0.782866 
0.782233 
0.781600 
0.780965 
0.780331 
0.779695 
0.779059 
0.778423 
0.777785 
0.777147 
0.776508 
0.775869 
0.775229 
0.774588 
0.773947 
0.773305 
0.772663 
0.772019 
0.771376 
0.770731 
0.770086 
0.769440 
0.768794 
0.768147 
0.767499 
0.766851 
0.766202 
0.765552 
0.764902 
0.764251 
0.763600 
0.762948 
0.762295 
0.761642 
0.760988 
0.760333 
0.759678 
0.759022 
0.758366 
0.757709 
0.757051 
0.756393 
0.755734 
0.755075 
0.754415 
0.753754 
0.753093 
0.752432 
0.751769 
0.751106 
0.750443 
0.749779 
0.749114 
0.748449 
0.747783 
0.747116 
0.746449 
0.745782 
0.745113 
0.744444 
0.743775 
0.743105 
0.742435 
0.741764 
0.741092 
0.740420 
0.739747 
0.739073 
0.738400 
0.737725 
0.737050 
0.736374 
0.735698 
0.735022 
0.734344 
0.733667 
0.732988 
0.732309 
0.731630 
0.730950 
0.730269 
0.729588 
0.728907 
0.728224 
0.727542 
0.726858 
0.726175 
0.725490 
0.724806 
0.724120 
0.723434 
0.722748 
0.722061 
0.721373 
0.720686 
0.719997 
0.719308 
0.718619 
0.717928 
0.717238 
0.716547 
0.715855 
0.715163 
0.714471 
0.713777 
0.713084 
0.712390 
0.711695 
0.711000 
0.710304 
0.709608 
0.708912 
0.708215 
0.707517 
0.706819 
0.706120 
0.705422 
0.704722 
0.704022 
0.703322 
0.702621 
0.701919 
0.701217 
0.700515 
0.699812 
0.699109 
0.698405 
0.697701 
0.696996 
0.696291 
0.695585 
0.694879 
0.694173 
0.693466 
0.692758 
0.692050 
0.691342 
0.690633 
0.689924 
0.689214 
0.688504 
0.687793 
0.687082 
0.686371 
0.685659 
0.684946 
0.684233 
0.683520 
0.682806 
0.682092 
0.681378 
0.680663 
0.679948 
0.679232 
0.678515 
0.677799 
0.677082 
0.676364 
0.675646 
0.674928 
0.674209 
0.673490 
0.672771 
0.672051 
0.671330 
0.670610 
0.669888 
0.669167 
0.668445 
0.667723 
0.667000 
0.666277 
0.665553 
0.664829 
0.664105 
0.663380 
0.662655 
0.661930 
0.661204 
0.660478 
0.659751 
0.659024 
0.658297 
0.657569 
0.656841 
0.656112 
0.655384 
0.654654 
0.653925 
0.653195 
0.652465 
0.651734 
0.651003 
0.650272 
0.649540 
0.648808 
0.648075 
0.647343 
0.646610 
0.645876 
0.645142 
0.644408 
0.643674 
0.642939 
0.642204 
0.641468 
0.640732 
0.639996 
0.639260 
0.638523 
0.637786 
0.637048 
0.636311 
0.635572 
0.634834 
0.634095 
0.633356 
0.632617 
0.631877 
0.631137 
0.630397 
0.629656 
0.628915 
0.628174 
0.627433 
0.626691 
0.625949 
0.625207 
0.624464 
0.623721 
0.622978 
0.622234 
0.621490 
0.620746 
0.620002 
0.619257 
0.618512 
0.617767 
0.617021 
0.616275 
0.615529 
0.614783 
0.614036 
0.613289 
0.612542 
0.611795 
0.611047 
0.610299 
0.609551 
0.608802 
0.608053 
0.607304 
0.606555 
0.605806 
0.605056 
0.604306 
0.603556 
0.602805 
0.602054 
0.601304 
0.600552 
0.599801 
0.599049 
0.598297 
0.597545 
0.596793 
0.596040 
0.595287 
0.594534 
0.593781 
0.593028 
0.592274 
0.591520 
0.590766 
0.590011 
0.589257 
0.588502 
0.587747 
0.586992 
0.586237 
0.585481 
0.584725 
0.583969 
0.583213 
0.582457 
0.581700 
0.580943 
0.580186 
0.579429 
0.578672 
0.577914 
0.577156 
0.576399 
0.575640 
0.574882 
0.574124 
0.573365 
0.572606 
0.571847 
0.571088 
0.570329 
0.569570 
0.568810 
0.568050 
0.567290 
0.566530 
0.565770 
0.565010 
0.564249 
0.563488 
0.562727 
0.561966 
0.561205 
0.560444 
0.559683 
0.558921 
0.558159 
0.557397 
0.556635 
0.555873 
0.555111 
0.554349 
0.553586 
0.552823 
0.552061 
0.551298 
0.550535 
0.549772 
0.549008 
0.548245 
0.547482 
0.546718 
0.545954 
0.545191 
0.544427 
0.543663 
0.542899 
0.542135 
0.541370 
0.540606 
0.539841 
0.539077 
0.538312 
0.537547 
0.536782 
0.536017 
0.535252 
0.534487 
0.533722 
0.532957 
0.532191 
0.531426 
0.530660 
0.529895 
0.529129 
0.528363 
0.527598 
0.526832 
0.526066 
0.525300 
0.524534 
0.523768 
0.523002 
0.522235 
0.521469 
0.520703 
0.519937 
0.519170 
0.518404 
0.517637 
0.516871 
0.516104 
0.515337 
0.514571 
0.513804 
0.513037 
0.512271 
0.511504 
0.510737 
0.509970 
0.509203 
0.508437 
0.507670 
0.506903 
0.506136 
0.505369 
0.504602 
0.503835 
0.503068 
0.502301 
0.501534 
0.500767 
0.500000 
0.499233 
0.498466 
0.497699 
0.496932 
0.496165 
0.495398 
0.494631 
0.493864 
0.493097 
0.492330 
0.491564 
0.490797 
0.490030 
0.489263 
0.488496 
0.487729 
0.486963 
0.486196 
0.485429 
0.484663 
0.483896 
0.483129 
0.482363 
0.481596 
0.480830 
0.480063 
0.479297 
0.478531 
0.477765 
0.476998 
0.476232 
0.475466 
0.474700 
0.473934 
0.473168 
0.472402 
0.471637 
0.470871 
0.470105 
0.469340 
0.468574 
0.467809 
0.467043 
0.466278 
0.465513 
0.464748 
0.463983 
0.463218 
0.462453 
0.461688 
0.460923 
0.460159 
0.459394 
0.458630 
0.457866 
0.457101 
0.456337 
0.455573 
0.454809 
0.454046 
0.453282 
0.452518 
0.451755 
0.450992 
0.450228 
0.449465 
0.448702 
0.447939 
0.447176 
0.446414 
0.445651 
0.444889 
0.444127 
0.443365 
0.442603 
0.441841 
0.441079 
0.440317 
0.439556 
0.438795 
0.438034 
0.437273 
0.436512 
0.435751 
0.434990 
0.434230 
0.433470 
0.432710 
0.431950 
0.431190 
0.430430 
0.429671 
0.428912 
0.428153 
0.427394 
0.426635 
0.425876 
0.425118 
0.424360 
0.423601 
0.422844 
0.422086 
0.421328 
0.420571 
0.419814 
0.419057 
0.418300 
0.417543 
0.416787 
0.416031 
0.415275 
0.414519 
0.413763 
0.413008 
0.412253 
0.411498 
0.410743 
0.409989 
0.409234 
0.408480 
0.407726 
0.406972 
0.406219 
0.405466 
0.404713 
0.403960 
0.403207 
0.402455 
0.401703 
0.400951 
0.400199 
0.399448 
0.398696 
0.397945 
0.397195 
0.396444 
0.395694 
0.394944 
0.394194 
0.393445 
0.392695 
0.391946 
0.391198 
0.390449 
0.389701 
0.388953 
0.388205 
0.387458 
0.386711 
0.385964 
0.385217 
0.384471 
0.383725 
0.382979 
0.382233 
0.381488 
0.380743 
0.379998 
0.379254 
0.378510 
0.377766 
0.377023 
0.376279 
0.375536 
0.374794 
0.374051 
0.373309 
0.372567 
0.371826 
0.371085 
0.370344 
0.369603 
0.368863 
0.368123 
0.367383 
0.366644 
0.365905 
0.365166 
0.364427 
0.363689 
0.362952 
0.362214 
0.361477 
0.360740 
0.360004 
0.359268 
0.358532 
0.357796 
0.357061 
0.356326 
0.355592 
0.354858 
0.354124 
0.353390 
0.352657 
0.351925 
0.351192 
0.350460 
0.349728 
0.348997 
0.348266 
0.347535 
0.346805 
0.346075 
0.345346 
0.344616 
0.343888 
0.343159 
0.342431 
0.341703 
0.340976 
0.340249 
0.339522 
0.338796 
0.338070 
0.337345 
0.336620 
0.335895 
0.335171 
0.334447 
0.333723 
0.333000 
0.332277 
0.331555 
0.330833 
0.330112 
0.329390 
0.328670 
0.327949 
0.327229 
0.326510 
0.325791 
0.325072 
0.324354 
0.323636 
0.322918 
0.322201 
0.321485 
0.320768 
0.320052 
0.319337 
0.318622 
0.317908 
0.317193 
0.316480 
0.315767 
0.315054 
0.314341 
0.313629 
0.312918 
0.312207 
0.311496 
0.310786 
0.310076 
0.309367 
0.308658 
0.307950 
0.307242 
0.306534 
0.305827 
0.305121 
0.304415 
0.303709 
0.303004 
0.302299 
0.301595 
0.300891 
0.300188 
0.299485 
0.298783 
0.298081 
0.297379 
0.296679 
0.295978 
0.295278 
0.294579 
0.293879 
0.293181 
0.292483 
0.291785 
0.291088 
0.290392 
0.289696 
0.289000 
0.288305 
0.287610 
0.286916 
0.286223 
0.285529 
0.284837 
0.284145 
0.283453 
0.282762 
0.282072 
0.281381 
0.280692 
0.280003 
0.279314 
0.278626 
0.277939 
0.277252 
0.276566 
0.275880 
0.275194 
0.274510 
0.273825 
0.273141 
0.272458 
0.271776 
0.271093 
0.270412 
0.269731 
0.269050 
0.268370 
0.267691 
0.267012 
0.266333 
0.265656 
0.264978 
0.264302 
0.263625 
0.262950 
0.262275 
0.261600 
0.260926 
0.260253 
0.259580 
0.258908 
0.258236 
0.257565 
0.256895 
0.256225 
0.255556 
0.254887 
0.254219 
0.253551 
0.252884 
0.252217 
0.251551 
0.250886 
0.250221 
0.249557 
0.248894 
0.248231 
0.247568 
0.246907 
0.246245 
0.245585 
0.244925 
0.244266 
0.243607 
0.242949 
0.242291 
0.241634 
0.240978 
0.240322 
0.239667 
0.239012 
0.238358 
0.237705 
0.237052 
0.236400 
0.235749 
0.235098 
0.234448 
0.233798 
0.233149 
0.232501 
0.231853 
0.231206 
0.230560 
0.229914 
0.229269 
0.228625 
0.227981 
0.227337 
0.226695 
0.226053 
0.225412 
0.224771 
0.224131 
0.223492 
0.222853 
0.222215 
0.221578 
0.220941 
0.220305 
0.219669 
0.219035 
0.218400 
0.217767 
0.217134 
0.216502 
0.215871 
0.215240 
0.214610 
0.213980 
0.213352 
0.212723 
0.212096 
0.211469 
0.210843 
0.210218 
0.209593 
0.208969 
0.208346 
0.207723 
0.207101 
0.206480 
0.205859 
0.205239 
0.204620 
0.204002 
0.203384 
0.202767 
0.202150 
0.201535 
0.200920 
0.200305 
0.199692 
0.199079 
0.198467 
0.197855 
0.197244 
0.196634 
0.196025 
0.195417 
0.194809 
0.194201 
0.193595 
0.192989 
0.192384 
0.191780 
0.191176 
0.190573 
0.189971 
0.189370 
0.188769 
0.188169 
0.187570 
0.186972 
0.186374 
0.185777 
0.185181 
0.184585 
0.183991 
0.183397 
0.182803 
0.182211 
0.181619 
0.181028 
0.180438 
0.179848 
0.179259 
0.178671 
0.178084 
0.177498 
0.176912 
0.176327 
0.175743 
0.175159 
0.174577 
0.173995 
0.173414 
0.172833 
0.172254 
0.171675 
0.171097 
0.170519 
0.169943 
0.169367 
0.168792 
0.168218 
0.167644 
0.167072 
0.166500 
0.165929 
0.165359 
0.164789 
0.164220 
0.163653 
0.163085 
0.162519 
0.161954 
0.161389 
0.160825 
0.160262 
0.159699 
0.159138 
0.158577 
0.158017 
0.157458 
0.156900 
0.156342 
0.155786 
0.155230 
0.154675 
0.154120 
0.153567 
0.153014 
0.152463 
0.151911 
0.151361 
0.150812 
0.150263 
0.149716 
0.149169 
0.148623 
0.148077 
0.147533 
0.146989 
0.146447 
0.145905 
0.145364 
0.144823 
0.144284 
0.143745 
0.143208 
0.142671 
0.142135 
0.141599 
0.141065 
0.140531 
0.139999 
0.139467 
0.138936 
0.138406 
0.137876 
0.137348 
0.136820 
0.136294 
0.135768 
0.135243 
0.134719 
0.134195 
0.133673 
0.133151 
0.132631 
0.132111 
0.131592 
0.131074 
0.130556 
0.130040 
0.129524 
0.129010 
0.128496 
0.127983 
0.127471 
0.126960 
0.126450 
0.125940 
0.125432 
0.124924 
0.124417 
0.123912 
0.123407 
0.122902 
0.122399 
0.121897 
0.121396 
0.120895 
0.120395 
0.119897 
0.119399 
0.118902 
0.118406 
0.117911 
0.117416 
0.116923 
0.116431 
0.115939 
0.115448 
0.114959 
0.114470 
0.113982 
0.113495 
0.113009 
0.112523 
0.112039 
0.111556 
0.111073 
0.110592 
0.110111 
0.109631 
0.109153 
0.108675 
0.108198 
0.107722 
0.107247 
0.106772 
0.106299 
0.105827 
0.105355 
0.104885 
0.104415 
0.103947 
0.103479 
0.103012 
0.102546 
0.102081 
0.101618 
0.101155 
0.100693 
0.100231 
0.099771 
0.099312 
0.098854 
0.098396 
0.097940 
0.097484 
0.097030 
0.096576 
0.096124 
0.095672 
0.095221 
0.094771 
0.094323 
0.093875 
0.093428 
0.092982 
0.092537 
0.092093 
0.091650 
0.091208 
0.090766 
0.090326 
0.089887 
0.089449 
0.089011 
0.088575 
0.088140 
0.087705 
0.087272 
0.086839 
0.086408 
0.085978 
0.085548 
0.085119 
0.084692 
0.084265 
0.083840 
0.083415 
0.082991 
0.082569 
0.082147 
0.081726 
0.081306 
0.080888 
0.080470 
0.080053 
0.079637 
0.079223 
0.078809 
0.078396 
0.077984 
0.077573 
0.077163 
0.076755 
0.076347 
0.075940 
0.075534 
0.075129 
0.074725 
0.074322 
0.073921 
0.073520 
0.073120 
0.072721 
0.072323 
0.071926 
0.071530 
0.071136 
0.070742 
0.070349 
0.069957 
0.069567 
0.069177 
0.068788 
0.068400 
0.068014 
0.067628 
0.067243 
0.066859 
0.066477 
0.066095 
0.065715 
0.065335 
0.064956 
0.064579 
0.064202 
0.063827 
0.063452 
0.063079 
0.062707 
0.062335 
0.061965 
0.061596 
0.061227 
0.060860 
0.060494 
0.060129 
0.059765 
0.059401 
0.059039 
0.058678 
0.058318 
0.057959 
0.057601 
0.057245 
0.056889 
0.056534 
0.056180 
0.055828 
0.055476 
0.055125 
0.054776 
0.054427 
0.054080 
0.053733 
0.053388 
0.053044 
0.052700 
0.052358 
0.052017 
0.051677 
0.051338 
0.051000 
0.050663 
0.050327 
0.049992 
0.049658 
0.049326 
0.048994 
0.048663 
0.048334 
0.048005 
0.047678 
0.047352 
0.047026 
0.046702 
0.046379 
0.046057 
0.045736 
0.045416 
0.045097 
0.044779 
0.044463 
0.044147 
0.043832 
0.043519 
0.043206 
0.042895 
0.042585 
0.042276 
0.041968 
0.041660 
0.041355 
0.041050 
0.040746 
0.040443 
0.040141 
0.039841 
0.039541 
0.039243 
0.038946 
0.038649 
0.038354 
0.038060 
0.037767 
0.037475 
0.037185 
0.036895 
0.036606 
0.036319 
0.036032 
0.035747 
0.035463 
0.035180 
0.034897 
0.034617 
0.034337 
0.034058 
0.033780 
0.033504 
0.033228 
0.032954 
0.032680 
0.032408 
0.032137 
0.031867 
0.031598 
0.031330 
0.031064 
0.030798 
0.030534 
0.030270 
0.030008 
0.029747 
0.029487 
0.029228 
0.028970 
0.028713 
0.028458 
0.028203 
0.027950 
0.027698 
0.027446 
0.027196 
0.026947 
0.026700 
0.026453 
0.026207 
0.025963 
0.025719 
0.025477 
0.025236 
0.024996 
0.024757 
0.024519 
0.024283 
0.024047 
0.023813 
0.023579 
0.023347 
0.023116 
0.022886 
0.022657 
0.022429 
0.022203 
0.021977 
0.021753 
0.021530 
0.021308 
0.021087 
0.020867 
0.020648 
0.020431 
0.020214 
0.019999 
0.019785 
0.019572 
0.019360 
0.019149 
0.018939 
0.018731 
0.018523 
0.018317 
0.018112 
0.017908 
0.017705 
0.017503 
0.017303 
0.017103 
0.016905 
0.016708 
0.016512 
0.016317 
0.016123 
0.015930 
0.015739 
0.015549 
0.015359 
0.015171 
0.014984 
0.014799 
0.014614 
0.014430 
0.014248 
0.014067 
0.013887 
0.013708 
0.013530 
0.013353 
0.013178 
0.013004 
0.012830 
0.012658 
0.012487 
0.012318 
0.012149 
0.011981 
0.011815 
0.011650 
0.011486 
0.011323 
0.011161 
0.011001 
0.010841 
0.010683 
0.010526 
0.010370 
0.010215 
0.010061 
0.009909 
0.009758 
0.009607 
0.009458 
0.009310 
0.009164 
0.009018 
0.008874 
0.008730 
0.008588 
0.008447 
0.008307 
0.008169 
0.008031 
0.007895 
0.007760 
0.007626 
0.007493 
0.007361 
0.007231 
0.007101 
0.006973 
0.006846 
0.006720 
0.006595 
0.006472 
0.006349 
0.006228 
0.006108 
0.005989 
0.005871 
0.005755 
0.005639 
0.005525 
0.005412 
0.005300 
0.005189 
0.005079 
0.004971 
0.004864 
0.004757 
0.004653 
0.004549 
0.004446 
0.004345 
0.004244 
0.004145 
0.004047 
0.003950 
0.003855 
0.003760 
0.003667 
0.003575 
0.003484 
0.003394 
0.003305 
0.003218 
0.003132 
0.003047 
0.002963 
0.002880 
0.002798 
0.002718 
0.002638 
0.002560 
0.002483 
0.002408 
0.002333 
0.002260 
0.002187 
0.002116 
0.002046 
0.001978 
0.001910 
0.001844 
0.001778 
0.001714 
0.001652 
0.001590 
0.001529 
0.001470 
0.001412 
0.001355 
0.001299 
0.001244 
0.001191 
0.001138 
0.001087 
0.001037 
0.000989 
0.000941 
0.000894 
0.000849 
0.000805 
0.000762 
0.000720 
0.000680 
0.000640 
0.000602 
0.000565 
0.000529 
0.000495 
0.000461 
0.000429 
0.000398 
0.000368 
0.000339 
0.000311 
0.000285 
0.000259 
0.000235 
0.000212 
0.000191 
0.000170 
0.000151 
0.000132 
0.000115 
0.000099 
0.000085 
0.000071 
0.000059 
0.000048 
0.000038 
0.000029 
0.000021 
0.000015 
0.000009 
0.000005 
0.000002 
0.000001 
