-0.000000 
-0.000172 
-0.000678 
-0.001535 
-0.002683 
-0.004206 
-0.005887 
-0.008042 
-0.010353 
-0.013056 
-0.015765 
-0.019076 
-0.022278 
-0.026047 
-0.029977 
-0.034280 
-0.039003 
-0.043690 
-0.048600 
-0.054150 
-0.059293 
-0.065370 
-0.072029 
-0.077791 
-0.084363 
-0.092642 
-0.099405 
-0.105482 
-0.116667 
-0.121686 
-0.132868 
-0.140176 
-0.151773 
-0.159483 
-0.172012 
-0.180836 
-0.192077 
-0.201283 
-0.215704 
-0.224519 
-0.237118 
-0.249118 
-0.261414 
-0.275093 
-0.288032 
-0.302459 
-0.319778 
-0.329930 
-0.346822 
-0.364240 
-0.380721 
-0.393035 
-0.413361 
-0.424449 
-0.435464 
-0.464182 
-0.471986 
-0.494712 
-0.510234 
-0.542292 
-0.546004 
-0.577466 
-0.585242 
-0.613591 
-0.625986 
-0.653134 
-0.663127 
-0.688633 
-0.703888 
-0.724724 
-0.745862 
-0.767303 
-0.786001 
-0.807963 
-0.830227 
-0.849486 
-0.868870 
-0.895343 
-0.907997 
-0.931400 
-0.951339 
-0.971385 
-0.999437 
-1.007740 
-1.040426 
-1.061066 
-1.094832 
-1.102619 
-1.150816 
-1.158469 
-1.198879 
-1.206171 
-1.247695 
-1.249523 
-1.302437 
-1.303747 
-1.331289 
-1.353593 
-1.398510 
-1.398369 
-1.444319 
-1.461314 
-1.484227 
-1.519639 
-1.555576 
-1.592042 
-1.622444 
-1.653131 
-1.677258 
-1.722336 
-1.711400 
-1.778736 
-1.788766 
-1.843250 
-1.845431 
-1.916664 
-1.902684 
-1.959636 
-1.985016 
-2.051939 
-2.044236 
-2.095527 
-2.112744 
-2.165165 
-2.173354 
-2.208441 
-2.243807 
-2.298368 
-2.305766 
-2.351574 
-2.397961 
-2.444932 
-2.472058 
-2.551005 
-2.578849 
-2.660077 
-2.688646 
-2.739185 
-2.768008 
-2.796793 
-2.894454 
-2.900839 
-3.001044 
-2.995365 
-3.110127 
-3.091707 
-3.221730 
-3.215194 
-3.335880 
-3.328901 
-3.426247 
-3.418465 
-3.531337 
-3.564032 
-3.596669 
-3.657376 
-3.704494 
-3.766340 
-3.828850 
-3.862430 
-3.925905 
-3.944540 
-3.993440 
-4.073732 
-4.092127 
-4.125986 
-4.192001 
-4.193432 
-4.127941 
-4.243784 
-4.175534 
-4.241624 
-4.152667 
-4.200809 
-4.072174 
-4.118833 
-3.984632 
-3.938176 
-3.778767 
-3.708692 
-3.522709 
-3.370218 
-3.155640 
-3.014039 
-2.829218 
-2.619859 
-2.365067 
-2.104361 
-1.837696 
-1.523288 
-1.265208 
-0.916233 
-0.559776 
-0.239283 
0.131864 
0.599477 
0.897177 
1.359427 
1.693561 
2.149779 
2.474780 
2.947397 
3.214687 
3.655133 
3.958046 
4.413450 
4.728580 
5.099159 
5.400485 
5.885200 
6.121199 
6.490677 
6.709044 
6.957091 
7.182177 
7.437478 
7.614974 
7.794779 
7.866113 
7.993663 
8.037931 
8.053553 
8.068466 
8.024725 
8.037691 
7.902493 
7.972187 
7.682080 
7.628138 
7.297569 
7.175988 
6.834038 
6.767386 
6.351254 
6.214098 
5.848962 
5.541811 
5.163508 
4.811244 
4.419339 
4.020432 
3.580700 
3.099266 
2.678259 
2.215457 
1.744874 
1.336823 
0.851105 
0.428964 
-0.108097 
-0.581100 
-1.024975 
-1.475795 
-1.784860 
-2.360949 
-2.681476 
-3.235120 
-3.528594 
-4.058191 
-4.361914 
-4.866129 
-4.982213 
-5.617561 
-5.700083 
-6.106904 
-6.315599 
-6.732136 
-6.823493 
-7.248922 
-7.386282 
-7.651892 
-7.793026 
-8.021387 
-8.166024 
-8.225072 
-8.328158 
-8.343781 
-8.447901 
-8.418518 
-8.478264 
-8.492793 
-8.506886 
-8.198136 
-8.394601 
-8.219579 
-8.323664 
-8.144478 
-8.248286 
-8.112905 
-8.168415 
-7.786135 
-7.986011 
-7.694789 
-7.746692 
-7.398824 
-7.498705 
-7.295439 
-7.292959 
-7.135942 
-7.183070 
-7.074295 
-7.120693 
-7.009134 
-7.001746 
-7.100585 
-7.039052 
-7.192593 
-7.238807 
-7.339936 
-7.441904 
-7.766615 
-7.536711 
-7.921407 
-7.971285 
-8.362644 
-8.357708 
-8.870623 
-8.809824 
-9.272615 
-9.388532 
-9.800535 
-9.920041 
-10.518561 
-10.522524 
-10.949393 
-11.198259 
-11.633198 
-11.703171 
-12.207096 
-12.529395 
-12.854868 
-13.183528 
-13.578836 
-13.786626 
-14.124542 
-14.465690 
-14.810082 
-15.027065 
-15.245797 
-15.664576 
-15.622066 
-16.180002 
-16.205610 
-16.906969 
-16.867367 
-17.236872 
-17.128218 
-17.709255 
-17.600334 
-18.118944 
-18.079716 
-18.180662 
-18.139601 
-18.240278 
-18.125439 
-18.297760 
-18.325695 
-18.499319 
-18.526964 
-18.554058 
-18.729248 
-18.531864 
-18.331507 
-18.430290 
-18.529314 
-18.628588 
-18.497843 
-18.596373 
-18.307280 
-18.170286 
-18.423033 
-18.126001 
-18.379622 
-18.157309 
-18.572321 
-18.186195 
-18.604162 
-18.293938 
-18.633558 
-18.318748 
-18.743063 
-18.341064 
-18.684940 
-18.528543 
-18.706875 
-18.716887 
-18.811384 
-18.906096 
-19.001024 
-19.268984 
-19.278364 
-19.548908 
-19.821409 
-19.831440 
-20.017975 
-20.116587 
-19.768173 
-20.404352 
-20.233078 
-20.785515 
-20.704124 
-21.171087 
-20.997160 
-21.653620 
-21.385826 
-21.955530 
-21.966679 
-22.448771 
-22.555595 
-22.948305 
-23.056931 
-23.454159 
-23.564598 
-23.772303 
-23.883665 
-24.289076 
-24.500664 
-24.713402 
-25.125914 
-25.242104 
-25.458767 
-25.877974 
-25.996723 
-26.318958 
-26.643284 
-26.251888 
-26.989216 
-26.904547 
-27.441935 
-27.252403 
-28.004265 
-27.813818 
-28.361580 
-27.956669 
-28.721771 
-28.527590 
-28.977139 
-28.996994 
-29.124817 
-29.362047 
-29.710104 
-29.619886 
-29.970366 
-29.989796 
-30.231615 
-30.362614 
-30.831421 
-30.738354 
-31.211060 
-31.117033 
-31.479176 
-31.613609 
-31.632841 
-31.651344 
-31.203388 
-31.919983 
-31.467588 
-32.425426 
-31.732754 
-32.341305 
-31.998880 
-32.611893 
-32.145569 
-32.883453 
-32.655411 
-33.277882 
-32.803017 
-33.060780 
-32.949562 
-33.208302 
-33.219460 
-33.104908 
-33.113998 
-33.626060 
-33.509167 
-34.025272 
-33.779842 
-34.043510 
-34.436935 
-34.445618 
-34.323982 
-34.590630 
-34.597427 
-34.341282 
-35.003403 
-34.877228 
-35.147102 
-34.885632 
-35.690651 
-35.293365 
-35.565712 
-35.298363 
-35.978466 
-35.708946 
-36.120590 
-35.710484 
-35.985756 
-35.847092 
-36.401207 
-35.982464 
-36.539673 
-36.678703 
-36.817963 
-37.099033 
-36.954990 
-37.379715 
-37.233963 
-37.373783 
-37.369526 
-37.364422 
-37.503807 
-37.643410 
-36.904552 
-37.923264 
-37.620899 
-37.759724 
-37.304276 
-38.038017 
-37.728333 
-38.317150 
-38.004589 
-38.597122 
-38.129772 
-39.030384 
-38.406582 
-38.545300 
-38.375973 
-38.823338 
-38.496971 
-38.946400 
-38.772896 
-38.911163 
-39.207085 
-39.030270 
-39.168571 
-39.625359 
-39.605476 
-39.584679 
-39.884602 
-39.056122 
-39.840603 
-39.492165 
-40.119034 
-39.603931 
-40.890911 
-40.043777 
-40.678242 
-40.486671 
-40.959007 
-40.598465 
-40.905262 
-40.876957 
-41.354073 
-41.325569 
-41.296112 
-41.265678 
-41.576485 
-41.545280 
-41.513107 
-41.998466 
-42.312912 
-42.106724 
-42.247547 
-42.563721 
-42.881245 
-43.023792 
-42.989620 
-43.131947 
-42.740219 
-44.131855 
-43.380791 
-44.422520 
-43.665939 
-45.075981 
-44.496670 
-45.552708 
-44.969624 
-45.665760 
-45.445690 
-46.515514 
-46.110043 
-46.258503 
-46.220776 
-46.742947 
-46.704994 
-46.854195 
-47.003571 
-47.342506 
-47.302879 
-47.452801 
-47.411732 
-47.753197 
-47.903667 
-48.054317 
-48.398739 
-48.356159 
-48.117729 
-47.486206 
-48.810246 
-48.372070 
-48.916626 
-48.672382 
-49.616676 
-49.172482 
-50.122631 
-49.475418 
-50.028992 
-49.980595 
-50.537590 
-50.083393 
-50.439190 
-50.796406 
-50.745792 
-50.694115 
-51.053085 
-51.206989 
-51.361065 
-50.892139 
-51.044689 
-51.406372 
-50.931110 
-50.662476 
-50.180660 
-49.906723 
-49.206245 
-48.926361 
-47.150661 
-46.861656 
-45.711849 
-45.200344 
-43.389973 
-43.300396 
-40.821213 
-39.415806 
-37.346458 
-35.483582 
-32.950386 
-30.842651 
-27.396652 
-25.038256 
-21.110413 
-18.719646 
-15.197432 
-12.327205 
-8.541298 
-5.409880 
-1.808424 
2.040254 
5.456100 
8.663268 
13.031603 
16.278107 
20.232454 
24.208803 
27.282360 
32.227638 
34.410175 
38.469666 
40.447128 
45.014015 
46.549438 
50.214539 
52.008099 
54.759125 
56.573830 
59.351254 
60.948154 
62.792725 
64.406303 
66.268883 
66.691017 
67.356918 
68.025612 
68.453506 
68.394356 
68.089134 
67.044678 
66.486282 
65.430267 
63.872658 
62.802391 
60.481178 
59.644196 
56.299824 
54.191406 
51.064949 
49.434601 
46.024857 
43.864304 
40.674965 
38.487907 
33.733334 
31.515667 
27.744648 
24.211145 
20.658916 
17.605755 
13.498179 
10.149874 
6.523161 
2.616004 
-1.311374 
-4.470148 
-8.172390 
-11.364968 
-14.838786 
-18.330235 
-21.306669 
-24.031059 
-27.304443 
-30.325817 
-31.478865 
-35.874176 
-37.316814 
-40.392906 
-42.125206 
-44.683144 
-45.614628 
-48.740891 
-49.137203 
-51.186153 
-52.141258 
-53.377163 
-53.786892 
-54.753971 
-55.725281 
-55.583572 
-56.000565 
-56.699749 
-57.120419 
-58.106712 
-57.683453 
-57.540974 
-57.681362 
-56.967354 
-56.534805 
-56.099594 
-55.661709 
-54.933537 
-54.489597 
-52.019970 
-52.724571 
-51.399311 
-51.231518 
-49.895275 
-50.014557 
-48.081661 
-49.077858 
-46.543388 
-47.244469 
-45.284622 
-45.688473 
-43.714764 
-43.519798 
-43.323479 
-43.125839 
-42.926872 
-43.328335 
-43.128082 
-43.228790 
-43.935574 
-44.037823 
-44.444557 
-44.852776 
-45.874126 
-46.286709 
-47.622501 
-47.732239 
-48.768013 
-47.642532 
-50.542461 
-50.968925 
-53.265865 
-52.138557 
-54.760647 
-55.512424 
-57.210144 
-57.024734 
-59.679890 
-59.498219 
-61.852734 
-62.309902 
-63.087185 
-63.867413 
-65.930794 
-66.399025 
-67.511749 
-68.628845 
-69.427422 
-69.905319 
-71.357803 
-72.491043 
-72.325531 
-73.138199 
-73.626595 
-74.444489 
-73.293320 
-75.759796 
-75.265434 
-76.753288 
-75.926125 
-76.423805 
-75.591049 
-77.423813 
-75.919441 
-77.089287 
-76.248184 
-77.085938 
-75.902603 
-76.065819 
-75.212738 
-75.034439 
-73.834030 
-74.332756 
-74.149620 
-74.649963 
-73.436050 
-73.935829 
-73.058670 
-72.522583 
-73.021866 
-72.135452 
-72.287354 
-71.742805 
-71.544388 
-69.595955 
-71.493866 
-70.238426 
-71.088768 
-69.826157 
-70.678085 
-69.408287 
-71.681252 
-70.051590 
-70.908936 
-69.269859 
-70.843643 
-69.196617 
-69.697891 
-69.120705 
-69.622841 
-70.488007 
-70.269524 
-70.412598 
-70.919411 
-71.063339 
-71.572502 
-71.717300 
-72.962074 
-72.374443 
-72.888283 
-74.141396 
-74.290192 
-75.179741 
-74.216896 
-76.596092 
-77.121399 
-79.141502 
-77.802635 
-79.831024 
-79.613670 
-81.276306 
-81.813889 
-83.864067 
-83.272171 
-85.332153 
-84.359665 
-86.047958 
-86.597816 
-88.295921 
-88.085175 
-90.559059 
-90.735146 
-91.681709 
-93.403282 
-95.130867 
-94.927216 
-95.886749 
-96.460388 
-96.645889 
-98.002800 
-98.581863 
-99.554436 
-97.388519 
-101.508766 
-100.125359 
-103.080421 
-102.089081 
-103.868408 
-102.873459 
-104.659691 
-103.661072 
-105.054741 
-104.051781 
-104.648148 
-104.041000 
-104.638252 
-104.833878 
-105.433510 
-104.820564 
-106.637459 
-105.616920 
-106.626778 
-106.008797 
-107.430260 
-107.219368 
-106.597023 
-107.614700 
-106.989456 
-108.010254 
-106.556084 
-108.406036 
-106.945923 
-109.632561 
-108.168030 
-110.448578 
-108.978844 
-110.849510 
-108.954781 
-110.411026 
-109.348434 
-110.388008 
-108.476044 
-109.516479 
-108.018356 
-109.484749 
-107.554779 
-108.172546 
-107.938591 
-107.703163 
-107.466263 
-107.656807 
-107.417717 
-107.177155 
-106.072723 
-106.691582 
-106.446571 
-105.333153 
-105.517891 
-103.527718 
-105.887482 
-104.762810 
-106.257225 
-104.251984 
-106.188316 
-104.614334 
-105.676170 
-104.094620 
-104.716225 
-103.568993 
-105.520760 
-102.593254 
-104.548897 
-103.836754 
-103.567993 
-103.297745 
-104.369835 
-102.752769 
-104.275887 
-104.002716 
-104.179024 
-103.451851 
-103.174171 
-103.348267 
-103.068336 
-101.877296 
-102.503990 
-102.219551 
-100.562309 
-103.019768 
-103.191727 
-104.282516 
-102.615425 
-103.707756 
-103.418129 
-105.901703 
-104.687210 
-105.788040 
-105.497726 
-107.067955 
-105.845108 
-106.018837 
-105.256943 
-106.834892 
-106.070763 
-107.654091 
-107.829430 
-108.476418 
-107.235344 
-109.301849 
-109.478790 
-109.181038 
-109.832687 
-110.009651 
-110.186630 
-110.363632 
-111.019173 
-108.800468 
-111.854813 
-110.590889 
-112.211960 
-110.943451 
-113.052277 
-111.779976 
-113.411049 
-112.134155 
-114.256035 
-112.488380 
-114.616402 
-113.331116 
-114.487526 
-113.686913 
-114.846413 
-114.534302 
-115.697647 
-115.384766 
-116.551956 
-116.238319 
-117.409363 
-118.087296 
-117.772888 
-118.452377 
-118.136444 
-118.318230 
-116.499992 
-119.683311 
-118.863571 
-121.054535 
-119.730164 
-121.928047 
-120.095238 
-121.793884 
-119.448029 
-122.163551 
-120.317688 
-121.516327 
-119.662781 
-120.352982 
-117.980247 
-117.134377 
-115.773163 
-115.946449 
-113.036896 
-111.147285 
-108.220856 
-106.833534 
-102.857254 
-99.386330 
-95.386269 
-91.373932 
-85.789520 
-82.271049 
-76.655968 
-67.890602 
-65.898201 
-57.090694 
-52.977909 
-44.125187 
-39.454937 
-30.029409 
-24.269489 
-15.322538 
-8.466066 
1.589684 
8.490565 
18.068478 
25.545181 
34.109226 
43.231476 
51.310768 
58.877758 
66.466148 
74.075951 
82.782257 
89.898094 
95.416565 
102.569832 
109.202354 
113.146378 
118.185303 
123.237991 
125.586105 
131.751282 
134.116898 
136.488617 
137.226242 
141.250290 
139.802536 
142.742218 
140.191803 
140.936935 
137.273193 
137.463150 
132.677643 
130.646347 
126.391518 
123.234650 
117.845161 
114.666916 
109.807304 
103.259468 
97.811180 
91.228271 
85.747948 
78.568748 
71.369751 
65.276382 
56.912323 
49.653919 
42.940735 
35.077740 
29.459572 
18.720581 
13.633206 
2.844050 
-3.417418 
-11.976911 
-18.274830 
-28.020527 
-32.065964 
-41.282295 
-45.929909 
-54.613811 
-58.715336 
-66.862236 
-69.835938 
-78.018425 
-81.592720 
-87.493790 
-91.089233 
-97.598465 
-101.797493 
-106.007095 
-110.227242 
-112.122086 
-114.606125 
-118.852638 
-121.350975 
-122.681320 
-124.602394 
-122.996941 
-126.690231 
-125.672432 
-129.968491 
-128.951355 
-131.484787 
-129.280014 
-131.225616 
-130.203018 
-131.558517 
-129.936768 
-130.100815 
-126.679573 
-125.642433 
-124.602234 
-124.758583 
-122.512672 
-122.665932 
-119.808838 
-119.958244 
-118.296928 
-117.839653 
-115.565681 
-115.708885 
-113.425819 
-114.173218 
-111.881821 
-108.975571 
-111.547760 
-109.243500 
-112.432610 
-109.511208 
-111.482635 
-108.552177 
-110.526482 
-110.046104 
-112.026276 
-110.313248 
-112.297829 
-110.580200 
-113.806168 
-113.323990 
-112.840271 
-113.596512 
-116.218643 
-115.735512 
-117.742744 
-117.883232 
-118.023659 
-120.664864 
-122.685989 
-122.831444 
-124.859131 
-125.006683 
-126.412025 
-127.820259 
-125.449005 
-129.383148 
-128.902969 
-131.584335 
-130.471420 
-134.428223 
-132.680328 
-135.376953 
-132.988937 
-136.965424 
-135.210617 
-137.920975 
-135.523087 
-135.039215 
-134.553818 
-135.349808 
-134.862793 
-135.660110 
-133.884140 
-134.036911 
-132.254181 
-132.404617 
-131.908371 
-131.410568 
-130.911224 
-130.410370 
-129.258438 
-128.103516 
-126.945564 
-123.829445 
-125.273193 
-122.800629 
-124.899628 
-123.075012 
-124.522873 
-123.349129 
-123.486069 
-119.677544 
-121.126602 
-117.965309 
-120.074692 
-117.565018 
-118.355492 
-117.161560 
-118.615265 
-117.418297 
-119.538887 
-119.669266 
-119.799576 
-120.596092 
-123.394966 
-122.193222 
-121.656975 
-125.134201 
-125.269135 
-127.415825 
-126.881432 
-129.033722 
-126.480873 
-132.004074 
-131.470810 
-134.985611 
-134.453644 
-137.978302 
-137.447617 
-140.304367 
-138.417160 
-142.638657 
-142.788986 
-146.342529 
-145.133484 
-147.331970 
-148.169006 
-149.690903 
-151.215591 
-153.427963 
-154.958847 
-157.178864 
-158.715973 
-159.567978 
-161.798370 
-162.654480 
-164.201828 
-167.133163 
-167.996033 
-166.092026 
-171.111237 
-170.592499 
-174.237320 
-172.330017 
-178.069809 
-174.768982 
-178.430984 
-176.518280 
-180.188492 
-178.272751 
-181.951157 
-180.032333 
-181.615295 
-181.797089 
-181.978760 
-183.566925 
-183.749771 
-184.637207 
-184.820465 
-185.709732 
-187.307068 
-187.492050 
-186.968674 
-187.861633 
-189.465454 
-189.651321 
-189.126038 
-189.310928 
-186.646133 
-191.106491 
-188.437271 
-191.478149 
-188.803116 
-191.133362 
-188.451828 
-191.502533 
-188.815216 
-191.871170 
-187.739410 
-189.359253 
-187.378265 
-188.278519 
-188.457932 
-189.359970 
-185.922668 
-188.271301 
-186.275055 
-187.902023 
-186.626923 
-186.075806 
-185.523178 
-185.697250 
-185.871185 
-184.585846 
-185.488419 
-184.930328 
-184.370758 
-179.415802 
-185.446045 
-181.949326 
-185.789154 
-183.020370 
-184.660278 
-184.093628 
-185.736633 
-181.480362 
-183.861496 
-182.551147 
-184.196976 
-183.624054 
-182.308594 
-180.990295 
-181.896469 
-181.317642 
-182.224899 
-183.133331 
-184.788086 
-180.479111 
-183.626465 
-181.549210 
-181.711166 
-178.879196 
-179.038208 
-177.697525 
-178.605377 
-179.514404 
-175.162216 
-178.326279 
-175.470734 
-177.886063 
-175.024292 
-177.442627 
-173.818924 
-177.752411 
-171.850662 
-177.303894 
-174.424179 
-178.370239 
-175.485626 
-176.397278 
-176.549133 
-176.700836 
-176.852402 
-177.766785 
-177.155121 
-179.598999 
-177.457214 
-176.842514 
-179.291183 
-177.142487 
-178.059753 
-179.746277 
-179.128906 
-176.201752 
-180.970154 
-179.580307 
-181.273193 
-180.652512 
-183.121017 
-180.180084 
-183.425446 
-180.479065 
-183.729263 
-180.001602 
-182.479462 
-180.298111 
-184.335052 
-181.372452 
-183.078934 
-182.448715 
-184.158051 
-183.526901 
-183.675919 
-182.260300 
-183.190613 
-184.122040 
-184.270432 
-183.633896 
-183.781342 
-183.928650 
-183.289124 
-183.435471 
-181.217957 
-185.304733 
-183.873581 
-188.757965 
-184.955231 
-189.847443 
-186.830429 
-190.146469 
-189.502853 
-192.825394 
-189.799637 
-194.716354 
-192.481918 
-192.631607 
-193.577728 
-193.727676 
-193.877472 
-195.624008 
-195.774689 
-196.724884 
-196.075531 
-197.827515 
-196.375671 
-196.525467 
-197.477875 
-197.627930 
-198.581802 
-198.732132 
-198.077103 
-195.003250 
-199.182022 
-194.489594 
-198.673477 
-193.164581 
-196.544144 
-190.215225 
-192.786804 
-188.876785 
-189.016724 
-183.473709 
-181.984253 
-175.614090 
-171.675064 
-167.729904 
-162.963821 
-155.744186 
-150.961731 
-142.905594 
-135.654648 
-126.757324 
-118.665230 
-107.285332 
-98.347466 
-87.756233 
-77.149605 
-64.063622 
-51.780697 
-38.657608 
-21.400290 
-12.355095 
4.121286 
15.671974 
29.715242 
41.300266 
58.687641 
69.482018 
84.430138 
96.085732 
111.073044 
122.763145 
136.959442 
147.852661 
160.423126 
168.019974 
178.956451 
187.408844 
197.539490 
204.347412 
211.998917 
219.660461 
224.824692 
231.668228 
232.662247 
237.007080 
238.005142 
242.358582 
239.164856 
241.844559 
236.964722 
237.963943 
233.074097 
231.545242 
222.431030 
220.049133 
212.601715 
206.832520 
198.520996 
192.734177 
180.172363 
175.211639 
166.856186 
158.489517 
145.871216 
137.479477 
124.830650 
114.714455 
102.884407 
91.889786 
81.732224 
69.857651 
57.967766 
46.062576 
35.849239 
23.060572 
17.092728 
0.000000 
-6.845729 
-20.550112 
-28.274149 
-42.009144 
-48.040462 
-60.088043 
-66.138000 
-78.211639 
-83.420128 
-92.937584 
-97.300247 
-105.976105 
-111.213936 
-118.183327 
-122.571495 
-128.692230 
-133.955994 
-137.496399 
-141.040863 
-143.723572 
-147.275635 
-149.964844 
-151.789673 
-153.616409 
-154.576660 
-157.275681 
-154.760971 
-153.112976 
-156.685577 
-153.294266 
-158.613708 
-154.346970 
-154.437607 
-151.908966 
-152.871292 
-147.716095 
-148.676605 
-141.762268 
-143.595535 
-136.669785 
-136.748566 
-131.564621 
-130.762512 
-128.203033 
-128.276245 
-123.953804 
-123.144630 
-120.574158 
-119.761765 
-118.067162 
-117.252029 
-116.435791 
-112.970703 
-113.033852 
-113.980469 
-115.811996 
-108.799858 
-115.055382 
-112.462357 
-115.182373 
-112.586159 
-117.082863 
-115.371956 
-118.098801 
-117.274643 
-121.782967 
-122.738350 
-125.474335 
-124.651604 
-127.391190 
-131.916138 
-136.445755 
-136.518585 
-142.840546 
-142.916428 
-147.460648 
-149.326935 
-153.878860 
-154.854919 
-157.622894 
-161.289597 
-165.856384 
-167.736694 
-167.823807 
-172.400345 
-170.692657 
-177.072556 
-175.364960 
-181.753250 
-179.145538 
-184.641068 
-183.833862 
-187.533569 
-186.726456 
-190.430786 
-187.817795 
-194.236115 
-191.621796 
-192.621872 
-193.622665 
-195.529388 
-194.720657 
-197.535324 
-197.632751 
-197.729950 
-200.549347 
-200.647491 
-199.837051 
-200.843109 
-199.122147 
-200.128220 
-198.404648 
-199.410721 
-197.684525 
-195.956345 
-196.049942 
-193.406479 
-196.236542 
-191.763718 
-193.681519 
-190.116699 
-192.949371 
-188.465408 
-190.384109 
-185.894165 
-188.729065 
-184.233612 
-183.401764 
-181.651428 
-185.406342 
-182.736496 
-182.820023 
-183.822464 
-182.066956 
-183.069427 
-180.391098 
-182.313934 
-181.474670 
-181.556000 
-182.559143 
-182.640503 
-179.953125 
-187.418823 
-183.806992 
-189.432327 
-186.742142 
-191.448273 
-189.681335 
-195.317993 
-192.624527 
-197.340317 
-194.644821 
-200.292267 
-199.450516 
-204.176208 
-201.477859 
-205.279007 
-205.366058 
-208.241806 
-212.049744 
-212.138824 
-215.020172 
-218.834808 
-217.994324 
-222.744751 
-223.769302 
-225.727158 
-225.820007 
-228.713150 
-229.740555 
-227.031342 
-234.600906 
-232.825821 
-239.467789 
-236.756775 
-242.468811 
-237.883057 
-246.410202 
-242.758972 
-246.605835 
-244.827164 
-248.677155 
-245.958435 
-249.811218 
-248.029633 
-247.186157 
-248.222168 
-249.258606 
-250.295532 
-251.332886 
-251.429016 
-251.524857 
-251.620407 
-252.658447 
-252.753815 
-254.735840 
-255.775162 
-254.926590 
-254.076981 
-250.391815 
-257.101013 
-252.467972 
-253.506653 
-252.653244 
-254.638672 
-249.996506 
-252.929031 
-250.177460 
-251.215530 
-246.564041 
-250.446838 
-246.740082 
-247.777008 
-245.015671 
-246.052063 
-239.486115 
-243.372665 
-240.604538 
-242.590836 
-240.771545 
-240.854630 
-238.080521 
-239.114746 
-239.196381 
-240.231064 
-238.405243 
-238.485748 
-238.566010 
-232.918488 
-239.680618 
-235.939514 
-240.795425 
-237.051544 
-241.910400 
-238.163773 
-242.068771 
-236.404922 
-242.226044 
-238.473373 
-239.508133 
-237.668198 
-239.661377 
-236.860733 
-237.895050 
-237.010544 
-238.044922 
-237.159317 
-238.193726 
-238.267731 
-239.302536 
-239.376282 
-239.449768 
-239.522980 
-239.595947 
-240.631165 
-239.741043 
-240.776291 
-235.068054 
-240.920319 
-238.100021 
-242.991776 
-237.276169 
-242.169922 
-239.345413 
-241.345871 
-239.484497 
-241.485535 
-240.588745 
-240.657608 
-239.759445 
-239.827454 
-238.927948 
-238.027573 
-238.094269 
-238.160690 
-238.226822 
-240.230026 
-238.358292 
-239.392838 
-240.427628 
-240.492935 
-236.678009 
-238.682266 
-237.775711 
-237.839142 
-239.844376 
-233.108780 
-237.056305 
-236.146606 
-238.152283 
-232.380264 
-237.303085 
-233.472870 
-235.478714 
-232.618820 
-233.651337 
-231.762695 
-233.768967 
-232.853073 
-231.936462 
-229.069550 
-232.050964 
-231.132599 
-232.164444 
-230.269348 
-232.276825 
-231.356445 
-232.388168 
-230.490112 
-234.452179 
-230.598892 
-232.607590 
-232.661789 
-228.804550 
-233.747391 
-233.801025 
-236.789780 
-231.950058 
-237.875916 
-233.033661 
-237.003113 
-235.096649 
-237.108154 
-233.240280 
-239.172501 
-234.322388 
-239.276215 
-234.423386 
-234.473511 
-234.523331 
-233.591431 
-233.640533 
-232.707489 
-234.719986 
-236.733093 
-232.851700 
-234.864624 
-233.929413 
-234.959702 
-233.040237 
-236.037186 
-235.100266 
-232.194946 
-235.192612 
-234.254135 
-239.221695 
-233.359833 
-240.298218 
-235.418747 
-239.403946 
-235.507263 
-240.478989 
-237.566223 
-243.525497 
-237.653290 
-240.655304 
-238.725723 
-240.741776 
-238.810944 
-242.801147 
-240.869400 
-243.873413 
-242.928131 
-245.932938 
-246.962769 
-245.028595 
-247.046219 
-246.099167 
-247.128525 
-247.169235 
-246.220810 
-243.293808 
-249.268005 
-245.350616 
-251.326431 
-247.407516 
-250.415558 
-247.484634 
-254.453415 
-249.541092 
-252.550125 
-250.607040 
-252.625839 
-248.699936 
-250.718445 
-248.772736 
-248.808685 
-246.861526 
-245.905090 
-242.964691 
-245.974152 
-239.064468 
-236.120987 
-232.184235 
-231.223206 
-224.306610 
-221.358459 
-214.438187 
-209.501633 
-201.584488 
-186.712952 
-184.750061 
-171.859009 
-166.912750 
-150.041275 
-142.109390 
-125.230392 
-115.305275 
-98.418747 
-86.499344 
-69.605255 
-58.674034 
-38.788940 
-24.867504 
-7.958488 
5.969523 
24.875727 
37.815182 
54.738338 
70.669678 
87.599709 
103.537605 
117.487335 
133.431274 
149.378235 
163.336273 
176.300781 
194.248322 
203.232910 
216.204269 
224.195679 
236.174332 
243.171860 
255.153809 
261.156891 
269.154449 
274.162201 
281.164581 
282.185028 
285.199738 
285.222748 
289.234863 
289.257538 
290.277344 
287.306580 
283.337433 
277.371826 
272.402863 
267.432831 
263.459778 
253.497665 
246.528198 
238.559357 
227.594498 
216.627960 
205.659775 
198.683624 
181.721664 
171.747177 
154.781174 
145.802216 
127.833733 
116.854416 
100.879730 
89.897537 
73.919533 
63.933613 
47.952545 
36.965187 
23.978533 
13.988111 
-0.999195 
-8.993140 
-24.981987 
-34.976204 
-45.970535 
-56.965672 
-68.960999 
-77.958710 
-87.956467 
-96.955269 
-105.954552 
-111.955467 
-120.955521 
-125.957314 
-127.960175 
-138.960434 
-138.963943 
-149.964706 
-149.968155 
-156.970078 
-156.973312 
-162.975464 
-162.978424 
-165.980865 
-166.983398 
-166.985840 
-165.988190 
-166.990189 
-165.992081 
-165.993744 
-165.995209 
-163.996521 
-160.997635 
-162.998459 
-158.999161 
-155.999634 
-150.999908 
-150.000000 
-142.999908 
-140.999664 
-137.999283 
-132.998749 
-130.998077 
-120.997429 
-123.996422 
-116.995590 
-119.994278 
-113.993301 
-115.991745 
-108.990761 
-110.988968 
-103.988014 
-105.985977 
-100.984795 
-103.982323 
-99.980942 
-98.978981 
-99.976471 
-98.974319 
-98.971817 
-102.967957 
-103.964767 
-102.962135 
-106.957451 
-106.954124 
-107.950195 
-115.942619 
-112.940186 
-118.932739 
-121.926529 
-125.919296 
-128.912292 
-127.907776 
-136.895569 
-136.889709 
-144.876862 
-146.868515 
-152.856033 
-153.847748 
-159.834030 
-161.823853 
-169.806458 
-169.797562 
-177.778519 
-176.770081 
-183.750717 
-184.738815 
-189.720688 
-193.703308 
-197.685211 
-200.668030 
-201.653671 
-206.631836 
-208.614670 
-210.596954 
-212.578751 
-215.557983 
-215.542892 
-217.523148 
-215.511917 
-221.482071 
-221.465500 
-228.431305 
-224.423935 
-227.398438 
-226.383087 
-229.356430 
-226.346283 
-227.324539 
-227.305405 
-228.282837 
-226.269531 
-230.236450 
-223.239746 
-225.212646 
-222.202835 
-220.189606 
-220.168976 
-221.144241 
-219.130920 
-221.101547 
-217.096359 
-218.070511 
-219.044174 
-214.044098 
-215.017471 
-213.004379 
-210.991425 
-204.002945 
-208.956116 
-206.943481 
-208.910309 
-203.913544 
-206.874344 
-202.872925 
-207.821411 
-202.826050 
-204.790527 
-200.790222 
-203.747864 
-199.748169 
-201.711090 
-199.699173 
-199.674347 
-200.642548 
-204.589722 
-202.577515 
-204.537140 
-203.517715 
-205.476242 
-204.456467 
-205.421463 
-206.385956 
-206.357849 
-206.329498 
-206.300903 
-209.247147 
-204.259872 
-211.170700 
-211.140442 
-213.092178 
-212.070145 
-216.002335 
-213.988953 
-218.909729 
-217.886383 
-220.824066 
-219.800217 
-223.726120 
-222.701584 
-224.646027 
-226.589569 
-228.532227 
-227.506516 
-231.425827 
-229.410553 
-231.350403 
-233.289337 
-236.215668 
-235.188004 
-238.112457 
-239.059967 
-240.006836 
-243.915634 
-245.848099 
-245.805252 
-241.814148 
-248.679169 
-248.634949 
-253.522766 
-250.518234 
-253.431107 
-251.412964 
-254.324005 
-252.305817 
-255.214981 
-254.181961 
-256.104034 
-255.070618 
-255.021927 
-255.957367 
-256.892120 
-254.874008 
-257.775757 
-256.741302 
-258.657410 
-256.639252 
-259.537079 
-257.518921 
-258.449402 
-257.414124 
-256.378998 
-255.343948 
-256.272797 
-255.237549 
-252.239517 
-259.055054 
-252.132599 
-256.983002 
-253.005173 
-257.852661 
-252.895554 
-257.740295 
-254.744293 
-253.708466 
-251.693390 
-251.637177 
-248.643967 
-249.566513 
-247.552948 
-249.452988 
-246.461685 
-246.404892 
-245.370209 
-247.267746 
-245.255630 
-244.221024 
-245.139908 
-246.058060 
-242.094513 
-243.012314 
-241.977951 
-237.041855 
-241.860275 
-236.925995 
-240.766724 
-237.783600 
-242.595886 
-235.717041 
-240.526810 
-238.519043 
-237.485321 
-235.478714 
-238.336899 
-235.357971 
-238.214081 
-236.208176 
-235.174820 
-233.170135 
-236.022644 
-234.018204 
-235.897598 
-234.864166 
-232.860718 
-235.708023 
-233.704834 
-232.671906 
-232.608414 
-232.544678 
-232.480667 
-234.353226 
-231.383774 
-236.158554 
-235.124802 
-237.960617 
-233.058167 
-235.892365 
-231.959137 
-234.791428 
-232.792053 
-235.621841 
-232.657410 
-235.485016 
-231.556885 
-231.488937 
-229.492233 
-230.388275 
-227.428787 
-231.214508 
-229.219025 
-229.150070 
-226.193298 
-228.049149 
-226.055832 
-227.910019 
-226.878723 
-226.808838 
-226.738647 
-226.668228 
-225.637405 
-220.767456 
-226.455429 
-220.628464 
-225.353363 
-222.405762 
-226.168121 
-225.137650 
-226.022949 
-224.035141 
-224.919662 
-221.019302 
-224.773041 
-222.787048 
-221.757889 
-222.640182 
-225.432053 
-225.357056 
-225.281815 
-227.114838 
-226.084518 
-226.008163 
-227.838181 
-228.713669 
-229.588272 
-232.366577 
-231.334717 
-230.303207 
-232.126160 
-231.094467 
-227.211197 
-232.833710 
-231.801941 
-233.619583 
-231.638275 
-236.301071 
-229.576279 
-232.339203 
-228.463943 
-233.119904 
-230.193832 
-234.845200 
-228.133530 
-230.889099 
-230.804565 
-230.719788 
-230.634735 
-230.549454 
-230.463882 
-232.266449 
-230.292053 
-232.092651 
-232.948471 
-232.860580 
-232.772446 
-232.684052 
-233.537064 
-229.682495 
-237.122086 
-233.268433 
-236.939316 
-234.027954 
-234.876541 
-231.028412 
-233.754364 
-231.785889 
-236.384827 
-231.603165 
-236.197922 
-229.545624 
-233.200317 
-227.490051 
-228.334595 
-227.307312 
-230.020691 
-228.992920 
-230.768478 
-227.872772 
-229.646698 
-228.619431 
-229.458176 
-229.363541 
-230.200638 
-231.036743 
-230.009354 
-231.774994 
-226.095322 
-229.720551 
-226.834824 
-229.526764 
-227.571747 
-232.117386 
-231.090332 
-232.846878 
-229.965195 
-231.720032 
-226.987686 
-231.519867 
-227.716705 
-229.468155 
-228.443100 
-228.343124 
-225.470673 
-228.142380 
-225.271881 
-224.249283 
-223.227280 
-224.971909 
-222.106583 
-220.164734 
-217.303482 
-214.444519 
-212.507736 
-206.894272 
-202.204712 
-196.600433 
-196.510605 
-189.077744 
-186.238571 
-176.065674 
-171.401398 
-159.411911 
-155.674896 
-140.957443 
-136.317215 
-123.451019 
-117.908897 
-100.495125 
-89.489723 
-75.756432 
-65.685219 
-49.240452 
-37.368420 
-24.596691 
-11.837166 
4.550565 
17.283802 
32.732407 
45.439625 
59.042774 
74.448387 
87.116470 
101.586029 
112.414955 
132.294296 
137.662979 
152.983643 
161.955414 
175.439636 
180.775299 
192.429260 
195.944550 
205.773575 
210.180008 
219.089691 
222.583145 
228.774780 
233.159271 
236.639160 
237.417175 
239.092880 
237.172958 
237.050476 
234.235382 
232.319839 
229.509369 
224.013336 
218.522644 
214.827637 
205.768280 
200.294785 
195.720474 
183.111649 
179.443436 
165.071472 
161.416199 
147.068680 
140.753891 
126.432335 
117.465332 
105.839577 
96.893005 
82.625313 
71.924828 
59.460930 
47.897533 
37.233219 
25.694530 
13.282955 
3.540166 
-8.845517 
-19.449343 
-30.924934 
-38.855385 
-49.424690 
-56.453724 
-66.119560 
-74.893349 
-81.015312 
-90.650642 
-93.238091 
-104.613495 
-108.946945 
-119.422012 
-121.986504 
-131.564621 
-132.365601 
-140.174133 
-140.093216 
-145.262589 
-146.052887 
-152.960449 
-150.250656 
-151.908966 
-152.692551 
-156.091034 
-155.127686 
-155.907242 
-154.074173 
-157.462769 
-153.891525 
-152.931046 
-151.103027 
-151.880630 
-149.187546 
-146.497421 
-145.542953 
-141.991974 
-141.040863 
-134.902130 
-136.548691 
-130.419647 
-132.929657 
-125.947182 
-125.870041 
-119.761597 
-121.410027 
-116.171967 
-117.820168 
-113.449852 
-112.520493 
-108.158478 
-105.517456 
-102.879532 
-101.958305 
-101.894318 
-100.118782 
-100.055679 
-100.847099 
-98.220970 
-99.012199 
-99.802246 
-99.738655 
-102.230721 
-101.313904 
-103.801422 
-102.884407 
-103.667877 
-102.751762 
-108.625755 
-110.251518 
-114.417580 
-115.190063 
-117.654190 
-117.577263 
-122.572174 
-121.646927 
-124.943726 
-128.235962 
-132.366714 
-132.279068 
-135.559219 
-137.151901 
-140.423950 
-142.851074 
-146.954178 
-148.533981 
-153.465836 
-153.362488 
-155.771439 
-159.013763 
-159.742340 
-161.305435 
-162.866089 
-165.258972 
-163.477921 
-169.200500 
-167.418533 
-171.465225 
-170.515320 
-173.722443 
-171.110352 
-174.311981 
-172.531967 
-173.240814 
-173.948303 
-175.482254 
-173.705032 
-176.889511 
-171.809113 
-173.338913 
-172.391708 
-173.918274 
-173.794998 
-175.317749 
-174.370483 
-172.602325 
-171.657654 
-170.714035 
-168.951263 
-168.829819 
-169.527206 
-167.768082 
-167.646790 
-161.804947 
-166.587082 
-163.201874 
-166.344574 
-161.334183 
-164.473022 
-161.911560 
-163.418671 
-161.673523 
-163.177948 
-159.001190 
-161.315369 
-159.575638 
-159.457016 
-157.720612 
-160.835785 
-159.100311 
-158.981125 
-157.248993 
-157.130707 
-155.401947 
-157.698364 
-155.971130 
-157.459656 
-158.945587 
-157.220367 
-157.902039 
-158.582367 
-159.261322 
-155.940460 
-159.816055 
-157.297668 
-162.761322 
-161.041107 
-163.306305 
-160.791656 
-163.052856 
-162.925934 
-165.975403 
-164.258667 
-167.301666 
-165.585892 
-167.830704 
-166.907516 
-168.356674 
-169.013382 
-170.457886 
-172.688232 
-173.338882 
-173.988129 
-176.995911 
-175.282410 
-176.712814 
-178.140549 
-176.429108 
-177.854034 
-180.059143 
-180.695831 
-177.423096 
-184.307846 
-180.256393 
-184.008072 
-183.078949 
-185.264572 
-183.557297 
-188.069595 
-186.362030 
-188.536163 
-186.830200 
-188.999573 
-189.617035 
-190.233078 
-190.074997 
-189.916748 
-191.301132 
-192.682724 
-193.291550 
-194.668320 
-192.967194 
-195.109222 
-193.409729 
-194.780045 
-192.316605 
-193.684677 
-192.755280 
-188.770004 
-192.427109 
-190.736893 
-192.860626 
-191.172028 
-193.290878 
-189.322952 
-194.477570 
-188.996552 
-191.866592 
-189.427246 
-190.776962 
-189.098312 
-190.445084 
-187.258606 
-186.340546 
-186.931122 
-189.026428 
-186.603027 
-187.190521 
-185.523254 
-187.610687 
-186.694870 
-185.780243 
-184.866806 
-185.450089 
-184.537704 
-185.119370 
-184.208038 
-184.042969 
-182.388885 
-179.249786 
-182.060745 
-179.669174 
-182.473831 
-177.120972 
-179.921982 
-176.059753 
-178.116699 
-174.262299 
-177.054016 
-173.943832 
-175.257126 
-172.889114 
-172.730072 
-170.367889 
-171.677963 
-170.786240 
-171.360382 
-171.933014 
-171.773209 
-170.883026 
-171.453232 
-171.293060 
-170.404510 
-170.972305 
-170.811752 
-169.198715 
-167.588287 
-171.054123 
-169.444138 
-170.007080 
-168.400269 
-171.128464 
-168.080032 
-170.081802 
-167.759323 
-171.195328 
-167.438110 
-170.149048 
-168.550903 
-169.821609 
-166.078400 
-169.493668 
-168.615051 
-168.451492 
-169.713943 
-168.123993 
-167.248352 
-168.507019 
-166.921539 
-165.338745 
-166.594254 
-167.138672 
-166.266525 
-166.102478 
-165.938309 
-162.952423 
-166.314438 
-164.037170 
-165.983917 
-164.413254 
-166.354889 
-164.084869 
-166.722580 
-163.056244 
-165.688797 
-162.029984 
-165.355103 
-161.703110 
-162.932068 
-160.680206 
-161.211975 
-161.048050 
-162.270935 
-160.027130 
-161.939743 
-160.391281 
-158.845596 
-160.062286 
-159.897629 
-158.355865 
-158.880219 
-158.715973 
-157.865234 
-160.444122 
-156.167740 
-159.426407 
-157.893173 
-160.459518 
-156.881256 
-161.486572 
-158.594467 
-158.427780 
-156.902527 
-160.129654 
-155.893738 
-159.114227 
-156.240143 
-157.425613 
-155.908386 
-156.416550 
-155.576263 
-157.428360 
-157.259888 
-157.762634 
-158.263870 
-157.423782 
-157.254227 
-157.753006 
-157.582550 
-158.078949 
-157.907562 
-159.067215 
-158.229370 
-156.064667 
-158.547867 
-156.386612 
-158.201187 
-158.027710 
-159.835571 
-158.340225 
-161.460876 
-157.332901 
-161.104385 
-156.984955 
-160.747528 
-157.947433 
-159.735657 
-157.595871 
-159.379547 
-157.896423 
-158.371353 
-158.193695 
-158.666260 
-157.188644 
-157.011490 
-156.186172 
-156.656921 
-155.186295 
-154.364380 
-152.253586 
-148.858276 
-149.975967 
-145.947128 
-146.422440 
-141.123001 
-139.679657 
-134.399216 
-131.687515 
-125.789024 
-123.092659 
-115.942802 
-112.626984 
-104.233879 
-100.303780 
-90.675629 
-86.136459 
-77.811882 
-71.402122 
-63.113724 
-56.735725 
-45.964916 
-37.734924 
-29.524187 
-20.705278 
-11.907131 
-3.129745 
5.626859 
15.611598 
23.077675 
34.263767 
40.445213 
50.340706 
57.108639 
66.340172 
72.453056 
81.643570 
84.634026 
94.404228 
99.836578 
105.871010 
110.660904 
116.666855 
121.431267 
124.958572 
127.865067 
130.764038 
133.045166 
134.710709 
133.936478 
136.203979 
135.428894 
134.655243 
134.488861 
133.112305 
131.134384 
128.557373 
125.383492 
121.615005 
120.260712 
112.303284 
109.763565 
103.036461 
99.317352 
90.826874 
87.131760 
79.273354 
74.410919 
66.587845 
60.565674 
52.779457 
47.974182 
40.814877 
33.082886 
25.960503 
18.266964 
10.593038 
4.114230 
-2.934960 
-11.138495 
-17.564428 
-23.973730 
-30.366398 
-37.908840 
-43.684242 
-50.607899 
-56.351494 
-61.499737 
-65.475487 
-73.491310 
-76.862579 
-84.264847 
-85.306984 
-90.951187 
-94.280685 
-99.323418 
-99.765549 
-105.359573 
-106.363632 
-110.220047 
-110.643837 
-113.913933 
-113.193184 
-114.746155 
-114.592644 
-116.138695 
-115.982841 
-117.521996 
-117.928040 
-118.332542 
-117.610023 
-116.889030 
-117.853104 
-116.011909 
-115.854286 
-112.343102 
-115.538963 
-112.036873 
-112.996994 
-108.395287 
-109.911980 
-106.989288 
-106.288536 
-102.825157 
-104.339478 
-101.438805 
-100.197350 
-98.409142 
-98.272522 
-95.394653 
-94.166847 
-92.942070 
-92.266281 
-91.592003 
-89.830399 
-89.160706 
-89.035400 
-88.367928 
-87.701981 
-87.578140 
-88.533974 
-87.330421 
-88.821495 
-88.157745 
-86.958748 
-89.514915 
-87.781395 
-88.724892 
-88.597862 
-90.069695 
-89.408157 
-91.405266 
-89.681602 
-90.612015 
-89.422844 
-91.406883 
-90.746796 
-92.722397 
-91.009399 
-90.876892 
-91.268890 
-92.183136 
-89.956276 
-91.913429 
-91.778572 
-91.643700 
-93.068634 
-92.412292 
-92.794250 
-92.657059 
-93.036713 
-91.350418 
-91.214722 
-89.535316 
-91.457123 
-89.268501 
-91.184174 
-88.490173 
-89.889709 
-87.204910 
-88.601395 
-86.434204 
-87.319176 
-85.159653 
-86.549225 
-84.901962 
-83.763916 
-82.628922 
-82.503136 
-80.870461 
-81.750031 
-80.122719 
-79.499992 
-80.376518 
-81.249962 
-79.631851 
-79.509125 
-78.890251 
-78.272896 
-78.646355 
-79.018272 
-79.388664 
-77.788200 
-79.633293 
-77.545868 
-79.874855 
-77.792809 
-81.090355 
-79.987617 
-83.270599 
-82.167107 
-83.979256 
-81.907982 
-84.197899 
-83.581383 
-84.413498 
-85.242546 
-84.626060 
-85.931366 
-86.273491 
-87.571144 
-86.953148 
-87.767685 
-89.055420 
-89.387627 
-90.193008 
-91.469276 
-91.794617 
-92.118446 
-94.327309 
-95.115898 
-94.021019 
-96.683952 
-96.057671 
-97.771996 
-98.546127 
-100.249756 
-99.154213 
-100.850235 
-100.220230 
-102.834320 
-100.814690 
-103.879799 
-102.324959 
-103.075546 
-103.363747 
-104.109001 
-104.393379 
-105.133339 
-104.501251 
-106.148590 
-107.335030 
-107.608810 
-107.881111 
-108.151894 
-108.421165 
-107.786980 
-108.505013 
-106.523232 
-109.483322 
-107.505432 
-110.005417 
-108.478561 
-110.521545 
-108.552917 
-110.143425 
-108.180969 
-109.765450 
-108.692833 
-109.387611 
-108.318092 
-109.889008 
-108.382294 
-107.318222 
-107.131790 
-107.818390 
-106.759003 
-107.877625 
-107.254822 
-107.500504 
-106.013885 
-107.123535 
-106.935120 
-105.885864 
-106.558388 
-105.512253 
-106.181831 
-103.429245 
-105.805420 
-104.339661 
-105.854324 
-103.543716 
-104.629555 
-102.750984 
-103.833115 
-102.804100 
-103.460442 
-101.594933 
-102.668915 
-100.810310 
-100.210434 
-100.445686 
-100.263428 
-99.665970 
-100.728134 
-99.303215 
-99.534943 
-98.528435 
-98.759483 
-98.167603 
-99.627220 
-98.216202 
-97.218262 
-97.854271 
-96.859428 
-95.867661 
-94.473495 
-95.512177 
-94.122620 
-96.366524 
-93.771973 
-95.203529 
-93.020576 
-93.246384 
-91.872955 
-93.693657 
-91.925407 
-92.149178 
-91.182182 
-91.801010 
-90.837128 
-90.270493 
-89.705399 
-89.534569 
-89.755745 
-89.584297 
-89.022453 
-88.851845 
-88.292351 
-88.510826 
-88.340408 
-87.783348 
-86.455910 
-87.059090 
-86.890404 
-84.419449 
-86.936211 
-85.238045 
-85.834824 
-83.763489 
-85.499641 
-83.056610 
-84.786201 
-82.730736 
-84.076042 
-82.028885 
-82.617989 
-81.330215 
-81.917206 
-80.634750 
-80.474533 
-80.314369 
-80.525345 
-80.364563 
-79.464653 
-79.674347 
-79.514511 
-79.354752 
-79.561691 
-78.669502 
-79.971336 
-79.809616 
-78.920609 
-79.849350 
-77.876045 
-79.886429 
-79.723579 
-80.640839 
-79.757416 
-81.386703 
-80.146370 
-80.695816 
-80.529747 
-81.430527 
-79.133278 
-81.094376 
-79.866249 
-80.053215 
-79.886887 
-80.774208 
-80.255371 
-80.437531 
-79.920334 
-80.101189 
-79.933151 
-80.458794 
-79.597298 
-80.810875 
-80.295639 
-80.125801 
-79.612915 
-78.074280 
-80.983688 
-78.765457 
-80.298759 
-79.108711 
-79.955894 
-78.094238 
-78.938690 
-77.422539 
-78.599449 
-76.083755 
-76.922768 
-75.755196 
-75.924034 
-74.430145 
-73.273666 
-71.459961 
-70.643860 
-68.842598 
-66.719933 
-64.933960 
-63.155258 
-59.751293 
-58.316521 
-54.612083 
-51.896572 
-47.574444 
-45.208553 
-40.919540 
-36.006264 
-33.680664 
-28.164612 
-25.866299 
-19.435946 
-16.213285 
-10.784576 
-6.329595 
-0.631533 
2.835484 
8.487215 
12.545176 
18.462156 
22.166687 
27.723164 
31.700176 
36.589005 
40.836449 
45.064102 
48.964016 
52.845604 
56.708866 
59.330505 
63.465126 
65.753578 
68.941956 
71.205917 
73.156395 
75.097130 
78.532578 
78.649193 
80.261963 
80.073723 
81.077934 
79.995079 
81.289909 
79.618080 
79.725075 
78.357887 
78.465820 
75.640678 
75.168091 
72.362762 
70.152260 
67.080475 
64.602119 
61.556995 
59.102497 
55.508770 
51.931820 
49.516502 
45.399185 
42.440689 
38.643684 
34.297829 
30.821066 
27.078869 
23.073282 
20.490513 
15.960168 
13.407093 
8.916045 
6.670536 
1.386260 
-0.829697 
-5.241715 
-7.705442 
-11.803909 
-14.238912 
-18.300478 
-19.889452 
-22.829144 
-25.211685 
-27.581999 
-29.130911 
-32.016964 
-33.546265 
-35.602863 
-37.381645 
-38.085682 
-39.848335 
-41.071648 
-42.816868 
-42.707325 
-44.701481 
-45.635822 
-46.041664 
-45.401203 
-46.845558 
-46.464878 
-47.380180 
-47.257275 
-47.392029 
-47.011765 
-47.401600 
-46.511105 
-46.644276 
-45.759335 
-45.385609 
-44.254669 
-43.633602 
-43.015305 
-42.650642 
-41.286537 
-41.176949 
-40.569679 
-39.965153 
-38.868240 
-38.517437 
-37.921803 
-36.837730 
-37.228584 
-36.639828 
-36.053802 
-35.227543 
-35.374489 
-33.828770 
-34.941769 
-34.366035 
-34.751690 
-33.939743 
-35.038685 
-34.229530 
-34.846706 
-34.041649 
-35.126587 
-34.559425 
-35.167191 
-34.602158 
-35.438713 
-34.642666 
-35.705429 
-35.374577 
-35.736790 
-35.636700 
-36.453773 
-36.579926 
-36.704887 
-36.828659 
-37.177952 
-37.298725 
-37.643730 
-38.211056 
-37.429893 
-39.111057 
-38.330723 
-39.109837 
-38.554497 
-39.327465 
-38.553326 
-39.979813 
-39.207176 
-39.967274 
-39.198051 
-40.169819 
-39.186871 
-40.151932 
-39.388889 
-39.488182 
-39.372368 
-39.683380 
-39.141102 
-39.025658 
-38.698868 
-38.373451 
-38.890285 
-38.145939 
-37.405460 
-37.502228 
-37.597878 
-36.656898 
-36.546932 
-35.407795 
-36.532612 
-35.399296 
-35.904297 
-35.592178 
-35.686954 
-34.972015 
-35.268570 
-34.357265 
-35.053440 
-34.147297 
-34.440647 
-33.739346 
-33.437538 
-32.939831 
-33.034588 
-32.344143 
-32.829975 
-31.948614 
-32.043236 
-32.136765 
-32.036213 
-32.128162 
-32.794365 
-32.691154 
-32.778641 
-32.865051 
-32.950382 
-33.223408 
-32.365147 
-33.762646 
-33.094006 
-34.292828 
-33.625656 
-34.443638 
-33.963711 
-35.142208 
-34.295162 
-35.281040 
-34.984478 
-35.778950 
-35.662518 
-36.087551 
-36.149494 
-36.568932 
-36.448975 
-36.685345 
-37.452015 
-37.682247 
-37.557644 
-37.960438 
-38.359886 
-38.581432 
-38.800816 
-39.364868 
-39.405956 
-39.790562 
-40.000202 
-39.694408 
-40.754112 
-40.446381 
-41.325550 
-41.016468 
-41.549809 
-40.737598 
-41.600880 
-41.125488 
-41.980011 
-41.505016 
-42.186020 
-41.547775 
-41.895050 
-41.586784 
-41.929928 
-42.107929 
-41.799709 
-42.296947 
-42.309101 
-42.160648 
-42.012398 
-41.864361 
-41.716583 
-41.883892 
-41.578476 
-41.274395 
-40.815857 
-41.291126 
-40.215424 
-40.533676 
-39.773853 
-40.548798 
-39.640255 
-39.800812 
-39.051220 
-38.909481 
-38.166901 
-38.177498 
-37.739700 
-38.196033 
-37.167435 
-37.030788 
-36.894348 
-36.758106 
-36.038471 
-36.486271 
-35.771378 
-35.782417 
-35.648849 
-35.229073 
-34.954319 
-34.822983 
-34.408653 
-33.714535 
-33.727554 
-32.899712 
-33.193130 
-32.649940 
-32.940578 
-32.263100 
-32.414139 
-31.605524 
-32.029022 
-31.498135 
-31.782055 
-30.850565 
-31.133316 
-30.477417 
-30.624798 
-30.107140 
-30.649685 
-29.871325 
-29.884779 
-29.636288 
-29.649111 
-29.661100 
-29.285225 
-29.297092 
-29.052170 
-29.063412 
-28.565992 
-28.577629 
-28.336569 
-28.222157 
-27.733164 
-28.242756 
-27.756187 
-28.013294 
-27.530159 
-27.784639 
-27.304924 
-27.678186 
-27.201380 
-27.329748 
-27.096640 
-26.984125 
-26.634007 
-26.522894 
-26.294065 
-26.418674 
-26.073824 
-26.196865 
-26.086264 
-26.206764 
-25.980631 
-26.213560 
-25.873859 
-25.876801 
-25.991982 
-25.880383 
-25.544916 
-25.546259 
-25.324703 
-24.883131 
-25.215431 
-24.886312 
-25.214235 
-24.669146 
-25.101862 
-24.452812 
-24.773945 
-24.237318 
-24.661385 
-24.234322 
-24.442434 
-23.913742 
-24.015512 
-23.491941 
-23.593199 
-23.589792 
-23.688210 
-23.478739 
-23.473682 
-23.366724 
-23.159290 
-23.153460 
-23.146925 
-22.941069 
-22.835197 
-22.729544 
-22.722052 
-22.713861 
-22.510929 
-22.695425 
-22.492935 
-22.769928 
-22.472212 
-22.555607 
-22.354462 
-22.717690 
-22.142399 
-22.501617 
-22.023775 
-22.194374 
-21.812643 
-21.798624 
-21.693188 
-21.949286 
-21.752666 
-21.736055 
-21.629791 
-21.612335 
-21.506104 
-21.487814 
-21.468901 
-21.449356 
-21.169964 
-21.064487 
-21.301443 
-20.769136 
-21.088261 
-20.813509 
-21.211416 
-20.770317 
-21.079779 
-20.724714 
-20.865305 
-20.268085 
-20.326601 
-19.979252 
-20.117474 
-19.693064 
-19.511143 
-19.013401 
-18.756472 
-18.266241 
-18.092300 
-17.531548 
-17.053108 
-16.578979 
-16.109148 
-15.339845 
-14.880191 
-14.049145 
-13.450546 
-12.486162 
-11.827286 
-10.733874 
-9.724939 
-9.090125 
-7.883223 
-7.336484 
-5.937031 
-5.264040 
-4.032287 
-3.165708 
-1.539060 
-0.904365 
0.553414 
1.375760 
2.667611 
3.876772 
4.936833 
5.984642 
7.087105 
7.977221 
9.055046 
9.791477 
10.780281 
11.432338 
12.270000 
13.097294 
13.722789 
14.340260 
14.949732 
15.425830 
16.020161 
16.668560 
16.507618 
17.204874 
17.040817 
17.361732 
17.317053 
17.570766 
17.226404 
17.534678 
17.016701 
16.970619 
16.576366 
16.358797 
15.913975 
15.644417 
15.094577 
14.663042 
14.068540 
13.314209 
12.844185 
12.160203 
11.538559 
10.761859 
10.101854 
9.449657 
8.699145 
7.957745 
7.225415 
6.606148 
6.097863 
5.185112 
4.691977 
3.749048 
3.271249 
2.399620 
1.936674 
1.085163 
0.734909 
-0.097327 
-0.386671 
-1.056118 
-1.478017 
-2.083472 
-2.586451 
-3.035641 
-3.432048 
-3.776671 
-4.070501 
-4.450770 
-4.690105 
-5.060069 
-5.335518 
-5.606669 
-5.742047 
-6.005611 
-6.178528 
-6.134004 
-6.515483 
-6.425899 
-6.714805 
-6.582355 
-6.782140 
-6.691088 
-6.763804 
-6.551779 
-6.663477 
-6.414380 
-6.445245 
-6.278877 
-6.192361 
-6.029312 
-5.906561 
-5.747095 
-5.665089 
-5.433929 
-5.317395 
-5.128387 
-5.088270 
-4.830391 
-4.684198 
-4.468369 
-4.326449 
-4.221545 
-3.978312 
-3.911665 
-3.571010 
-3.644191 
-3.378017 
-3.450869 
-3.189897 
-3.196510 
-3.071959 
-3.143598 
-2.988753 
-3.154848 
-2.970236 
-3.039056 
-2.951060 
-3.018225 
-2.931239 
-3.087578 
-3.000810 
-3.123429 
-3.125610 
-3.185846 
-3.244651 
-3.359465 
-3.329557 
-3.440796 
-3.521680 
-3.600682 
-3.677814 
-3.780287 
-3.799577 
-3.844729 
-4.047276 
-3.983490 
-4.205953 
-4.192244 
-4.382048 
-4.340570 
-4.474256 
-4.505761 
-4.585077 
-4.540833 
-4.689158 
-4.667255 
-4.692263 
-4.716097 
-4.784999 
-4.760285 
-4.825974 
-4.799901 
-4.818021 
-4.791074 
-4.763923 
-4.822689 
-4.730326 
-4.681273 
-4.695072 
-4.625216 
-4.576479 
-4.507781 
-4.379770 
-4.431787 
-4.325347 
-4.336590 
-4.231925 
-4.223467 
-4.083311 
-4.056621 
-3.974814 
-3.912188 
-3.832308 
-3.842010 
-3.710718 
-3.650889 
-3.608803 
-3.533147 
-3.441812 
-3.450961 
-3.377591 
-3.369726 
-3.297604 
-3.273703 
-3.187464 
-3.148675 
-3.094948 
-3.041829 
-2.989314 
-2.952015 
-2.929376 
-2.849612 
-2.869634 
-2.791237 
-2.837518 
-2.746595 
-2.790856 
-2.701464 
-2.704732 
-2.630213 
-2.658231 
-2.572389 
-2.562052 
-2.490531 
-2.516106 
-2.457547 
-2.458140 
-2.423530 
-2.423132 
-2.399683 
-2.387160 
-2.330881 
-2.328901 
-2.315699 
-2.281385 
-2.237109 
-2.213517 
-2.219599 
-2.185694 
-2.171261 
-2.099741 
-2.178632 
-2.107639 
-2.137279 
-2.076427 
-2.086551 
-2.018230 
-2.052680 
-1.985476 
-1.993182 
-1.943570 
-1.942155 
-1.901141 
-1.883557 
-1.850739 
-1.840291 
-1.814885 
-1.796611 
-1.785089 
-1.766252 
-1.747208 
-1.721369 
-1.695585 
-1.669859 
-1.644196 
-1.606381 
-1.593067 
-1.549997 
-1.553739 
-1.511289 
-1.491710 
-1.461167 
-1.446846 
-1.390654 
-1.386670 
-1.337175 
-1.322902 
-1.275003 
-1.265481 
-1.223599 
-1.209327 
-1.168693 
-1.141710 
-1.115041 
-1.096781 
-1.062645 
-1.044628 
-1.015266 
-0.986407 
-0.965197 
-0.937151 
-0.902813 
-0.882543 
-0.855972 
-0.829886 
-0.801235 
-0.773230 
-0.763142 
-0.733120 
-0.720196 
-0.691273 
-0.678490 
-0.650652 
-0.633210 
-0.608926 
-0.596541 
-0.568718 
-0.558702 
-0.530015 
-0.518145 
-0.496623 
-0.479361 
-0.460626 
-0.447466 
-0.424450 
-0.410182 
-0.393036 
-0.377781 
-0.362828 
-0.349531 
-0.335126 
-0.318534 
-0.307222 
-0.289171 
-0.276181 
-0.258302 
-0.251095 
-0.236177 
-0.228097 
-0.211458 
-0.203698 
-0.190552 
-0.181556 
-0.169973 
-0.161404 
-0.149965 
-0.142436 
-0.132338 
-0.122675 
-0.114361 
-0.107626 
-0.099007 
-0.091539 
-0.084702 
-0.078413 
-0.071459 
-0.065889 
-0.059764 
-0.054149 
-0.048790 
-0.043520 
-0.038551 
-0.034147 
-0.029862 
-0.025251 
-0.022109 
-0.018435 
-0.015353 
-0.012198 
-0.009864 
-0.007408 
-0.005548 
-0.003779 
-0.002447 
-0.001371 
-0.000616 
-0.000151 
