69580152.000000 
69554456.000000 
69501344.000000 
69401768.000000 
69272800.000000 
69099088.000000 
68896488.000000 
68651312.000000 
68376760.000000 
68063856.000000 
67721512.000000 
67344664.000000 
66939828.000000 
66504372.000000 
66041804.000000 
65553368.000000 
65039340.000000 
64504068.000000 
63945528.000000 
63370364.000000 
62774408.000000 
62167212.000000 
61541148.000000 
60909096.000000 
60260624.000000 
59611052.000000 
58947532.000000 
58288476.000000 
57617396.000000 
56955356.000000 
56284684.000000 
55625628.000000 
54962784.000000 
54314360.000000 
53665632.000000 
53033140.000000 
52404876.000000 
51793756.000000 
51190904.000000 
50606568.000000 
50034108.000000 
49480408.000000 
48942568.000000 
48422348.000000 
47921100.000000 
47438024.000000 
46975952.000000 
46531580.000000 
46111176.000000 
45706992.000000 
45328100.000000 
44964516.000000 
44627460.000000 
44303848.000000 
44008228.000000 
43724084.000000 
43468264.000000 
43222336.000000 
43003956.000000 
42793988.000000 
42610228.000000 
42434560.000000 
42282584.000000 
42138776.000000 
42015444.000000 
41900024.000000 
41802308.000000 
41711520.000000 
41635472.000000 
41566668.000000 
41508432.000000 
41457364.000000 
41413868.000000 
41376200.000000 
41343224.000000 
41316856.000000 
41291076.000000 
41271840.000000 
41250660.000000 
41235376.000000 
41214984.000000 
41201424.000000 
41179524.000000 
41164352.000000 
41139088.000000 
41120148.000000 
41088460.000000 
41063132.000000 
41024568.000000 
40990880.000000 
40945012.000000 
40901792.000000 
40847192.000000 
40794212.000000 
40730268.000000 
40666348.000000 
40593568.000000 
40518680.000000 
40437104.000000 
40351976.000000 
40261440.000000 
40166264.000000 
40067428.000000 
39962772.000000 
39857016.000000 
39744808.000000 
39633020.000000 
39513896.000000 
39398036.000000 
39273280.000000 
39153752.000000 
39025708.000000 
38903960.000000 
38773152.000000 
38651444.000000 
38519324.000000 
38396984.000000 
38266692.000000 
38145632.000000 
38018036.000000 
37899408.000000 
37775764.000000 
37660312.000000 
37542460.000000 
37431228.000000 
37319204.000000 
37213452.000000 
37108516.000000 
37007904.000000 
36910448.000000 
36815824.000000 
36725604.000000 
36637416.000000 
36555324.000000 
36473568.000000 
36399724.000000 
36323948.000000 
36257620.000000 
36188112.000000 
36128720.000000 
36064884.000000 
36012484.000000 
35953764.000000 
35907268.000000 
35853104.000000 
35810100.000000 
35760812.000000 
35721616.000000 
35675960.000000 
35638928.000000 
35597092.000000 
35561096.000000 
35521404.000000 
35486256.000000 
35447668.000000 
35411772.000000 
35374356.000000 
35336800.000000 
35298280.000000 
35259020.000000 
35219332.000000 
35176588.000000 
35135728.000000 
35089040.000000 
35045536.000000 
34995260.000000 
34948848.000000 
34893792.000000 
34844340.000000 
34784408.000000 
34731136.000000 
34666440.000000 
34608652.000000 
34538952.000000 
34476056.000000 
34402460.000000 
34334500.000000 
34257332.000000 
34184332.000000 
34103432.000000 
34025656.000000 
33941436.000000 
33859104.000000 
33772496.000000 
33686088.000000 
33597120.000000 
33507366.000000 
33415892.000000 
33322674.000000 
33230408.000000 
33134698.000000 
33041966.000000 
32944948.000000 
32852168.000000 
32754024.000000 
32662476.000000 
32563834.000000 
32473414.000000 
32375794.000000 
32287352.000000 
32190770.000000 
32105004.000000 
32010758.000000 
31927052.000000 
31837120.000000 
31756154.000000 
31670434.000000 
31593334.000000 
31512824.000000 
31439596.000000 
31365142.000000 
31296360.000000 
31228176.000000 
31164672.000000 
31102898.000000 
31044388.000000 
30989624.000000 
30936492.000000 
30889174.000000 
30842754.000000 
30803068.000000 
30762572.000000 
30731052.000000 
30696924.000000 
30673026.000000 
30645978.000000 
30630086.000000 
30609732.000000 
30602404.000000 
30588422.000000 
30587654.000000 
30581498.000000 
30587238.000000 
30588786.000000 
30601194.000000 
30610248.000000 
30628640.000000 
30645500.000000 
30669636.000000 
30693278.000000 
30723250.000000 
30753872.000000 
30788752.000000 
30826018.000000 
30865518.000000 
30908312.000000 
30952306.000000 
31000754.000000 
31048540.000000 
31102690.000000 
31153852.000000 
31212608.000000 
31267316.000000 
31330184.000000 
31387522.000000 
31454428.000000 
31513946.000000 
31583942.000000 
31645442.000000 
31717026.000000 
31780890.000000 
31853988.000000 
31919956.000000 
31993614.000000 
32061710.000000 
32135376.000000 
32204652.000000 
32278442.000000 
32348652.000000 
32421660.000000 
32493158.000000 
32564940.000000 
32636240.000000 
32706870.000000 
32777664.000000 
32846490.000000 
32917692.000000 
32984518.000000 
33054832.000000 
33119824.000000 
33189298.000000 
33251538.000000 
33320138.000000 
33379776.000000 
33446746.000000 
33504104.000000 
33569140.000000 
33623352.000000 
33685528.000000 
33737696.000000 
33796540.000000 
33846968.000000 
33902328.000000 
33950416.000000 
34002556.000000 
34048428.000000 
34096700.000000 
34140756.000000 
34185072.000000 
34226684.000000 
34267344.000000 
34306316.000000 
34343076.000000 
34379900.000000 
34412712.000000 
34447312.000000 
34476792.000000 
34509100.000000 
34534980.000000 
34565708.000000 
34588188.000000 
34616816.000000 
34636828.000000 
34663760.000000 
34680968.000000 
34706352.000000 
34721196.000000 
34744084.000000 
34758484.000000 
34779504.000000 
34793384.000000 
34813392.000000 
34827140.000000 
34845892.000000 
34860584.000000 
34878616.000000 
34894444.000000 
34912872.000000 
34930276.000000 
34948900.000000 
34968664.000000 
34988224.000000 
35010768.000000 
35032268.000000 
35058524.000000 
35082500.000000 
35113492.000000 
35140624.000000 
35176372.000000 
35207892.000000 
35249256.000000 
35285384.000000 
35333096.000000 
35374464.000000 
35428240.000000 
35476672.000000 
35536720.000000 
35592876.000000 
35660112.000000 
35724364.000000 
35798852.000000 
35872320.000000 
35954320.000000 
36037040.000000 
36127512.000000 
36219772.000000 
36318412.000000 
36420784.000000 
36527336.000000 
36639108.000000 
36754352.000000 
36876004.000000 
36999584.000000 
37131400.000000 
37263120.000000 
37404404.000000 
37544312.000000 
37694600.000000 
37841892.000000 
38001068.000000 
38155660.000000 
38322740.000000 
38484084.000000 
38657428.000000 
38825492.000000 
39004692.000000 
39179064.000000 
39362788.000000 
39542872.000000 
39730620.000000 
39915264.000000 
40106256.000000 
40294652.000000 
40487440.000000 
40679376.000000 
40872972.000000 
41066648.000000 
41260808.000000 
41455632.000000 
41648820.000000 
41844800.000000 
42036744.000000 
42232380.000000 
42422664.000000 
42617504.000000 
42805576.000000 
42999376.000000 
43184660.000000 
43376740.000000 
43559560.000000 
43749520.000000 
43928888.000000 
44116044.000000 
44293516.000000 
44477524.000000 
44653580.000000 
44834632.000000 
45009032.000000 
45187832.000000 
45360860.000000 
45537216.000000 
45710216.000000 
45884976.000000 
46058104.000000 
46231816.000000 
46405344.000000 
46578624.000000 
46753492.000000 
46926896.000000 
47104052.000000 
47279008.000000 
47458972.000000 
47635612.000000 
47819660.000000 
47998696.000000 
48186916.000000 
48369536.000000 
48562264.000000 
48748652.000000 
48946400.000000 
49137004.000000 
49338760.000000 
49535188.000000 
49740980.000000 
49942452.000000 
50152744.000000 
50359128.000000 
50572840.000000 
50784376.000000 
51000588.000000 
51216048.000000 
51434656.000000 
51652812.000000 
51871648.000000 
52090840.000000 
52309116.000000 
52528140.000000 
52744072.000000 
52961156.000000 
53172628.000000 
53385896.000000 
53590640.000000 
53797488.000000 
53993588.000000 
54191524.000000 
54376560.000000 
54563480.000000 
54734616.000000 
54907036.000000 
55062224.000000 
55216880.000000 
55354352.000000 
55489052.000000 
55606148.000000 
55718176.000000 
55813000.000000 
55899728.000000 
55969752.000000 
56029500.000000 
56072748.000000 
56103208.000000 
56118412.000000 
56118052.000000 
56102636.000000 
56070620.000000 
56024212.000000 
55959388.000000 
55881556.000000 
55782960.000000 
55673084.000000 
55541568.000000 
55399748.000000 
55234880.000000 
55061516.000000 
54864600.000000 
54660448.000000 
54432372.000000 
54197980.000000 
53940788.000000 
53677724.000000 
53393828.000000 
53103936.000000 
52795608.000000 
52481028.000000 
52150692.000000 
51814340.000000 
51464484.000000 
51108988.000000 
50743524.000000 
50371580.000000 
49992536.000000 
49607944.000000 
49218616.000000 
48823940.000000 
48428476.000000 
48027460.000000 
47628596.000000 
47224884.000000 
46825780.000000 
46422196.000000 
46026588.000000 
45626152.000000 
45236328.000000 
44842708.000000 
44461660.000000 
44076800.000000 
43706644.000000 
43334156.000000 
42976548.000000 
42619216.000000 
42276092.000000 
41935608.000000 
41609248.000000 
41287120.000000 
40978404.000000 
40676392.000000 
40386520.000000 
40105160.000000 
39834940.000000 
39574480.000000 
39323936.000000 
39085180.000000 
38854528.000000 
38637072.000000 
38427000.000000 
38230364.000000 
38039328.000000 
37863516.000000 
37691008.000000 
37534596.000000 
37380244.000000 
37241764.000000 
37104020.000000 
36982588.000000 
36859912.000000 
36752676.000000 
36644776.000000 
36550336.000000 
36455452.000000 
36372512.000000 
36288840.000000 
36215060.000000 
36141660.000000 
36075184.000000 
36009692.000000 
35949484.000000 
35890308.000000 
35833872.000000 
35779460.000000 
35725440.000000 
35673708.000000 
35620976.000000 
35571112.000000 
35517840.000000 
35468568.000000 
35413476.000000 
35363356.000000 
35306140.000000 
35253948.000000 
35193152.000000 
35138360.000000 
35073192.000000 
35014396.000000 
34944908.000000 
34880792.000000 
34807176.000000 
34738112.000000 
34659912.000000 
34585108.000000 
34502668.000000 
34421916.000000 
34334916.000000 
34248896.000000 
34157592.000000 
34066020.000000 
33971340.000000 
33874360.000000 
33775556.000000 
33674152.000000 
33572160.000000 
33466514.000000 
33362548.000000 
33253230.000000 
33147290.000000 
33035500.000000 
32928132.000000 
32813918.000000 
32706264.000000 
32590706.000000 
32482950.000000 
32366948.000000 
32259120.000000 
32143468.000000 
32036042.000000 
31922042.000000 
31815484.000000 
31703976.000000 
31598932.000000 
31490272.000000 
31387314.000000 
31282066.000000 
31181498.000000 
31080604.000000 
30982614.000000 
30885702.000000 
30790918.000000 
30698160.000000 
30606622.000000 
30519070.000000 
30430968.000000 
30348408.000000 
30264158.000000 
30186402.000000 
30105854.000000 
30033458.000000 
29956590.000000 
29888950.000000 
29816274.000000 
29753268.000000 
29683804.000000 
29624760.000000 
29559394.000000 
29503450.000000 
29442732.000000 
29389824.000000 
29332938.000000 
29282954.000000 
29229590.000000 
29181592.000000 
29132060.000000 
29086000.000000 
29039490.000000 
28995268.000000 
28951306.000000 
28908144.000000 
28866384.000000 
28823896.000000 
28784132.000000 
28742426.000000 
28704386.000000 
28662810.000000 
28626616.000000 
28584910.000000 
28549554.000000 
28508022.000000 
28473362.000000 
28431350.000000 
28397234.000000 
28354512.000000 
28319770.000000 
28277564.000000 
28241852.000000 
28199716.000000 
28163392.000000 
28121228.000000 
28083740.000000 
28042156.000000 
28003448.000000 
27961952.000000 
27922718.000000 
27881472.000000 
27840930.000000 
27799932.000000 
27758238.000000 
27717254.000000 
27674964.000000 
27634670.000000 
27591716.000000 
27552576.000000 
27508982.000000 
27470626.000000 
27426950.000000 
27389684.000000 
27346122.000000 
27310318.000000 
27267076.000000 
27232316.000000 
27190106.000000 
27156048.000000 
27115596.000000 
27082826.000000 
27044528.000000 
27012976.000000 
26977566.000000 
26947236.000000 
26914700.000000 
26886432.000000 
26856786.000000 
26830358.000000 
26804492.000000 
26780096.000000 
26757412.000000 
26735844.000000 
26716642.000000 
26697512.000000 
26682860.000000 
26666388.000000 
26655656.000000 
26642466.000000 
26635982.000000 
26625734.000000 
26623668.000000 
26616780.000000 
26618784.000000 
26615320.000000 
26621134.000000 
26620812.000000 
26630022.000000 
26633944.000000 
26646272.000000 
26654460.000000 
26669744.000000 
26681838.000000 
26699978.000000 
26715884.000000 
26736408.000000 
26756456.000000 
26779244.000000 
26802814.000000 
26827874.000000 
26854282.000000 
26881104.000000 
26910754.000000 
26939156.000000 
26971682.000000 
27001764.000000 
27036830.000000 
27068158.000000 
27105784.000000 
27138092.000000 
27177598.000000 
27211160.000000 
27252198.000000 
27286270.000000 
27328624.000000 
27363382.000000 
27405784.000000 
27442342.000000 
27484718.000000 
27521962.000000 
27564450.000000 
27602460.000000 
27644524.000000 
27683464.000000 
27724970.000000 
27764510.000000 
27805336.000000 
27845008.000000 
27884620.000000 
27924570.000000 
27962906.000000 
28002916.000000 
28040484.000000 
28080464.000000 
28116568.000000 
28156822.000000 
28191410.000000 
28231338.000000 
28264970.000000 
28304582.000000 
28336978.000000 
28376620.000000 
28407586.000000 
28445976.000000 
28476742.000000 
28513652.000000 
28544272.000000 
28580356.000000 
28610824.000000 
28645580.000000 
28676508.000000 
28710110.000000 
28740964.000000 
28773958.000000 
28805268.000000 
28837236.000000 
28869194.000000 
28900566.000000 
28932868.000000 
28964150.000000 
28997420.000000 
29028446.000000 
29063216.000000 
29094500.000000 
29130734.000000 
29162820.000000 
29200870.000000 
29233838.000000 
29274264.000000 
29308462.000000 
29351036.000000 
29387282.000000 
29431694.000000 
29471004.000000 
29518136.000000 
29560864.000000 
29610824.000000 
29657656.000000 
29710562.000000 
29761654.000000 
29818366.000000 
29874306.000000 
29934950.000000 
29996642.000000 
30061128.000000 
30128088.000000 
30197232.000000 
30269942.000000 
30343834.000000 
30423098.000000 
30502204.000000 
30587852.000000 
30672492.000000 
30764680.000000 
30854638.000000 
30953624.000000 
31049272.000000 
31154732.000000 
31256312.000000 
31367900.000000 
31475034.000000 
31592080.000000 
31705382.000000 
31827434.000000 
31946752.000000 
32073402.000000 
32197978.000000 
32329162.000000 
32458612.000000 
32593166.000000 
32727168.000000 
32864414.000000 
33001992.000000 
33141260.000000 
33281120.000000 
33421380.000000 
33563264.000000 
33703380.000000 
33846188.000000 
33985632.000000 
34128024.000000 
34265204.000000 
34406416.000000 
34540532.000000 
34679044.000000 
34809524.000000 
34944120.000000 
35069156.000000 
35198664.000000 
35317620.000000 
35439908.000000 
35552780.000000 
35667336.000000 
35772644.000000 
35878708.000000 
35975672.000000 
36071772.000000 
36160088.000000 
36245600.000000 
36324376.000000 
36399192.000000 
36467904.000000 
36531356.000000 
36589556.000000 
36641472.000000 
36689308.000000 
36729864.000000 
36767360.000000 
36796588.000000 
36824636.000000 
36842864.000000 
36861468.000000 
36870024.000000 
36879568.000000 
36878752.000000 
36880940.000000 
36871844.000000 
36866536.000000 
36851336.000000 
36839576.000000 
36819664.000000 
36803316.000000 
36780176.000000 
36760136.000000 
36735448.000000 
36713640.000000 
36689128.000000 
36667340.000000 
36644624.000000 
36624132.000000 
36604980.000000 
36587348.000000 
36572756.000000 
36559948.000000 
36551952.000000 
36545088.000000 
36545192.000000 
36545812.000000 
36554784.000000 
36564164.000000 
36583116.000000 
36601804.000000 
36631788.000000 
36660704.000000 
36701664.000000 
36741220.000000 
36792760.000000 
36843488.000000 
36905676.000000 
36967468.000000 
37039728.000000 
37112132.000000 
37193520.000000 
37275792.000000 
37365576.000000 
37456188.000000 
37552612.000000 
37650724.000000 
37752044.000000 
37855104.000000 
37959832.000000 
38066076.000000 
38171828.000000 
38279644.000000 
38384100.000000 
38490584.000000 
38592056.000000 
38694904.000000 
38790184.000000 
38887172.000000 
38974036.000000 
39062240.000000 
39138584.000000 
39215372.000000 
39278476.000000 
39340904.000000 
39389292.000000 
39435140.000000 
39467120.000000 
39494424.000000 
39507624.000000 
39514624.000000 
39507556.000000 
39492440.000000 
39464092.000000 
39425788.000000 
39374924.000000 
39312880.000000 
39238476.000000 
39151856.000000 
39054108.000000 
38942568.000000 
38821508.000000 
38685920.000000 
38541684.000000 
38382304.000000 
38216100.000000 
38033952.000000 
37846536.000000 
37643240.000000 
37435772.000000 
37212676.000000 
36987256.000000 
36746440.000000 
36503896.000000 
36248340.000000 
35991036.000000 
35722364.000000 
35452928.000000 
35173868.000000 
34894244.000000 
34607560.000000 
34320344.000000 
34028620.000000 
33736452.000000 
33442030.000000 
33147102.000000 
32852352.000000 
32557204.000000 
32264526.000000 
31972050.000000 
31683876.000000 
31395910.000000 
31114618.000000 
30833126.000000 
30560370.000000 
30287620.000000 
30025128.000000 
29762772.000000 
29512370.000000 
29261394.000000 
29023550.000000 
28786122.000000 
28561314.000000 
28338282.000000 
28127920.000000 
27920048.000000 
27724092.000000 
27532148.000000 
27350982.000000 
27174642.000000 
27008302.000000 
26847704.000000 
26695780.000000 
26550844.000000 
26412870.000000 
26282386.000000 
26158108.000000 
26041794.000000 
25930126.000000 
25827254.000000 
25727384.000000 
25636770.000000 
25547896.000000 
25468544.000000 
25389404.000000 
25320262.000000 
25249662.000000 
25189240.000000 
25126174.000000 
25072632.000000 
25016314.000000 
24968602.000000 
24918100.000000 
24874828.000000 
24829210.000000 
24789110.000000 
24747042.000000 
24709312.000000 
24669944.000000 
24633188.000000 
24595860.000000 
24559326.000000 
24522664.000000 
24485678.000000 
24448738.000000 
24410392.000000 
24373158.000000 
24333080.000000 
24294860.000000 
24252768.000000 
24213052.000000 
24168184.000000 
24126756.000000 
24079020.000000 
24035444.000000 
23985208.000000 
23939414.000000 
23886132.000000 
23837690.000000 
23782044.000000 
23730674.000000 
23673370.000000 
23619134.000000 
23559800.000000 
23503324.000000 
23442524.000000 
23383574.000000 
23321734.000000 
23260724.000000 
23198034.000000 
23135380.000000 
23071774.000000 
23007632.000000 
22944008.000000 
22878686.000000 
22815196.000000 
22749486.000000 
22686398.000000 
22620124.000000 
22557904.000000 
22491616.000000 
22430446.000000 
22364754.000000 
22304676.000000 
22239544.000000 
22180996.000000 
22116574.000000 
22058756.000000 
21996392.000000 
21939482.000000 
21878886.000000 
21823486.000000 
21764880.000000 
21710590.000000 
21654274.000000 
21601036.000000 
21546876.000000 
21495172.000000 
21443204.000000 
21392478.000000 
21342530.000000 
21292792.000000 
21244778.000000 
21196234.000000 
21150220.000000 
21102484.000000 
21058510.000000 
21011486.000000 
20969166.000000 
20923196.000000 
20882238.000000 
20836824.000000 
20797304.000000 
20752314.000000 
20713590.000000 
20669390.000000 
20630774.000000 
20587458.000000 
20549164.000000 
20506638.000000 
20468292.000000 
20426652.000000 
20388088.000000 
20347066.000000 
20308416.000000 
20267960.000000 
20228866.000000 
20189252.000000 
20149478.000000 
20109992.000000 
20069874.000000 
20030766.000000 
19990144.000000 
19951660.000000 
19910538.000000 
19872548.000000 
19831150.000000 
19793496.000000 
19751546.000000 
19714560.000000 
19672412.000000 
19635916.000000 
19593800.000000 
19557382.000000 
19515512.000000 
19479294.000000 
19438296.000000 
19402070.000000 
19362304.000000 
19326282.000000 
19287728.000000 
19252430.000000 
19215144.000000 
19180328.000000 
19144920.000000 
19110786.000000 
19077082.000000 
19044058.000000 
19012030.000000 
18980146.000000 
18950588.000000 
18920074.000000 
18892794.000000 
18864130.000000 
18839420.000000 
18812454.000000 
18790726.000000 
18765814.000000 
18746960.000000 
18724598.000000 
18708724.000000 
18688544.000000 
18675298.000000 
18658128.000000 
18647448.000000 
18633868.000000 
18625794.000000 
18615512.000000 
18610366.000000 
18603504.000000 
18600870.000000 
18597704.000000 
18597586.000000 
18597890.000000 
18600448.000000 
18604020.000000 
18608828.000000 
18615688.000000 
18622694.000000 
18632608.000000 
18641982.000000 
18654748.000000 
18666014.000000 
18681830.000000 
18694836.000000 
18713022.000000 
18727854.000000 
18748034.000000 
18764162.000000 
18786442.000000 
18803552.000000 
18826536.000000 
18845432.000000 
18869112.000000 
18889062.000000 
18913234.000000 
18934038.000000 
18958312.000000 
18980034.000000 
19003978.000000 
19026244.000000 
19049982.000000 
19072606.000000 
19095376.000000 
19118066.000000 
19139958.000000 
19162360.000000 
19183486.000000 
19205842.000000 
19225826.000000 
19248122.000000 
19266896.000000 
19288924.000000 
19306842.000000 
19328506.000000 
19345400.000000 
19367000.000000 
19383122.000000 
19404264.000000 
19420024.000000 
19440388.000000 
19456302.000000 
19476448.000000 
19492558.000000 
19512622.000000 
19529612.000000 
19549574.000000 
19567608.000000 
19588038.000000 
19607218.000000 
19628242.000000 
19649254.000000 
19670988.000000 
19693594.000000 
19716720.000000 
19741450.000000 
19765902.000000 
19793356.000000 
19819540.000000 
19849598.000000 
19878032.000000 
19910926.000000 
19941464.000000 
19977628.000000 
20010572.000000 
20049632.000000 
20085204.000000 
20127016.000000 
20165208.000000 
20209698.000000 
20251058.000000 
20297882.000000 
20342422.000000 
20391536.000000 
20438912.000000 
20490216.000000 
20540258.000000 
20593272.000000 
20645990.000000 
20700416.000000 
20755298.000000 
20810766.000000 
20866944.000000 
20923070.000000 
20980728.000000 
21037032.000000 
21095570.000000 
21151840.000000 
21210648.000000 
21266258.000000 
21325136.000000 
21379514.000000 
21437622.000000 
21490776.000000 
21547734.000000 
21598716.000000 
21653778.000000 
21702744.000000 
21755146.000000 
21802258.000000 
21851604.000000 
21896168.000000 
21942516.000000 
21984430.000000 
22027250.000000 
22066566.000000 
22105660.000000 
22142112.000000 
22177668.000000 
22211126.000000 
22242936.000000 
22273658.000000 
22301838.000000 
22329922.000000 
22355010.000000 
22380694.000000 
22402778.000000 
22426600.000000 
22446046.000000 
22468098.000000 
22485686.000000 
22506498.000000 
22522590.000000 
22542948.000000 
22557888.000000 
22577454.000000 
22592754.000000 
22612214.000000 
22628368.000000 
22648628.000000 
22666174.000000 
22687570.000000 
22707606.000000 
22730644.000000 
22753276.000000 
22778848.000000 
22804978.000000 
22833252.000000 
22863252.000000 
22894774.000000 
22928888.000000 
22964320.000000 
23003120.000000 
23042482.000000 
23086348.000000 
23129894.000000 
23178826.000000 
23226898.000000 
23280892.000000 
23333370.000000 
23392358.000000 
23449194.000000 
23512836.000000 
23573812.000000 
23641158.000000 
23706418.000000 
23777452.000000 
23846402.000000 
23920340.000000 
23992716.000000 
24068786.000000 
24143748.000000 
24221492.000000 
24298240.000000 
24376708.000000 
24454806.000000 
24532994.000000 
24610960.000000 
24688336.000000 
24765420.000000 
24840770.000000 
24916492.000000 
24988916.000000 
25062146.000000 
25131048.000000 
25200804.000000 
25264960.000000 
25330424.000000 
25389240.000000 
25449378.000000 
25502072.000000 
25555980.000000 
25601818.000000 
25648560.000000 
25687460.000000 
25726126.000000 
25757434.000000 
25787576.000000 
25810756.000000 
25831934.000000 
25846620.000000 
25858386.000000 
25864310.000000 
25866260.000000 
25863124.000000 
25855210.000000 
25842450.000000 
25824492.000000 
25802536.000000 
25774464.000000 
25743264.000000 
25705268.000000 
25664704.000000 
25616828.000000 
25567276.000000 
25509604.000000 
25451058.000000 
25384280.000000 
25316936.000000 
25240976.000000 
25165126.000000 
25080558.000000 
24995998.000000 
24903858.000000 
24811138.000000 
24711532.000000 
24611318.000000 
24504824.000000 
24397186.000000 
24284474.000000 
24169900.000000 
24051292.000000 
23930566.000000 
23806716.000000 
23680106.000000 
23551338.000000 
23419492.000000 
23286504.000000 
23150114.000000 
23013428.000000 
22872982.000000 
22733396.000000 
22589512.000000 
22447434.000000 
22300920.000000 
22156822.000000 
22008204.000000 
21862906.000000 
21712516.000000 
21565980.000000 
21415338.000000 
21267990.000000 
21117488.000000 
20970268.000000 
20820290.000000 
20673456.000000 
20524988.000000 
20379092.000000 
20232320.000000 
20088048.000000 
19943712.000000 
19801198.000000 
19659758.000000 
19519458.000000 
19381034.000000 
19243612.000000 
19108838.000000 
18974484.000000 
18843858.000000 
18712934.000000 
18586486.000000 
18459400.000000 
18337350.000000 
18214228.000000 
18096974.000000 
17978092.000000 
17865618.000000 
17751190.000000 
17642964.000000 
17533472.000000 
17429872.000000 
17325342.000000 
17226188.000000 
17126734.000000 
17031934.000000 
16937488.000000 
16847098.000000 
16757454.000000 
16671184.000000 
16586571.000000 
16504125.000000 
16423803.000000 
16345425.000000 
16269365.000000 
16194494.000000 
16122805.000000 
16051311.000000 
15983433.000000 
15915175.000000 
15850933.000000 
15785538.000000 
15724745.000000 
15661985.000000 
15604159.000000 
15544008.000000 
15488794.000000 
15430731.000000 
15377600.000000 
15321904.000000 
15270523.000000 
15217066.000000 
15167184.000000 
15115592.000000 
15067006.000000 
15017089.000000 
14969472.000000 
14921274.000000 
14874401.000000 
14827674.000000 
14781481.000000 
14735689.000000 
14689929.000000 
14645302.000000 
14599878.000000 
14556176.000000 
14511209.000000 
14468396.000000 
14423601.000000 
14381743.000000 
14337167.000000 
14295911.000000 
14251789.000000 
14211172.000000 
14167182.000000 
14127189.000000 
14083522.000000 
14043654.000000 
14000902.000000 
13961258.000000 
13919091.000000 
13879802.000000 
13838334.000000 
13799226.000000 
13758739.000000 
13719867.000000 
13680231.000000 
13641732.000000 
13603017.000000 
13564625.000000 
13526759.000000 
13488617.000000 
13451662.000000 
13413982.000000 
13377927.000000 
13340564.000000 
13305597.000000 
13268506.000000 
13234350.000000 
13197748.000000 
13164336.000000 
13128104.000000 
13095648.000000 
13059639.000000 
13027533.000000 
12992226.000000 
12960286.000000 
12925588.000000 
12893960.000000 
12859787.000000 
12828192.000000 
12794756.000000 
12763061.000000 
12730014.000000 
12698404.000000 
12665771.000000 
12633803.000000 
12601643.000000 
12569308.000000 
12537212.000000 
12504601.000000 
12472715.000000 
12439625.000000 
12408008.000000 
12374385.000000 
12342786.000000 
12308829.000000 
12277220.000000 
12242714.000000 
12211157.000000 
12176179.000000 
12144453.000000 
12108979.000000 
12076769.000000 
12041113.000000 
12008518.000000 
11972888.000000 
11939815.000000 
11904301.000000 
11870739.000000 
11835302.000000 
11801395.000000 
11766080.000000 
11731849.000000 
11697058.000000 
11662489.000000 
11627924.000000 
11593344.000000 
11559080.000000 
11524337.000000 
11490805.000000 
11456160.000000 
11423420.000000 
11389151.000000 
11357153.000000 
11323232.000000 
11292285.000000 
11258843.000000 
11228905.000000 
11196343.000000 
11167513.000000 
11135674.000000 
11107828.000000 
11077389.000000 
11050521.000000 
11021659.000000 
10995830.000000 
10968573.000000 
10944112.000000 
10918556.000000 
10895320.000000 
10871714.000000 
10849803.000000 
10828160.000000 
10807645.000000 
10787820.000000 
10768652.000000 
10750979.000000 
10733328.000000 
10717764.000000 
10701751.000000 
10688211.000000 
10673728.000000 
10662327.000000 
10649383.000000 
10640032.000000 
10628906.000000 
10621439.000000 
10611888.000000 
10606471.000000 
10598436.000000 
10594417.000000 
10588479.000000 
10585884.000000 
10581705.000000 
10580629.000000 
10578243.000000 
10578408.000000 
10577859.000000 
10579109.000000 
10580171.000000 
10582620.000000 
10585238.000000 
10588529.000000 
10592546.000000 
10596708.000000 
10601995.000000 
10606978.000000 
10613448.000000 
10619026.000000 
10626728.000000 
10632851.000000 
10641479.000000 
10648173.000000 
10657626.000000 
10664634.000000 
10674829.000000 
10682027.000000 
10692607.000000 
10700237.000000 
10710853.000000 
10718971.000000 
10729687.000000 
10738054.000000 
10748620.000000 
10757365.000000 
10767568.000000 
10776512.000000 
10786527.000000 
10795534.000000 
10804989.000000 
10814195.000000 
10823011.000000 
10831859.000000 
10840174.000000 
10848926.000000 
10856497.000000 
10865185.000000 
10871995.000000 
10880327.000000 
10886527.000000 
10894441.000000 
10899783.000000 
10907357.000000 
10911921.000000 
10919009.000000 
10922764.000000 
10929117.000000 
10932291.000000 
10937843.000000 
10940567.000000 
10945319.000000 
10947685.000000 
10951578.000000 
10953579.000000 
10956773.000000 
10958395.000000 
10960831.000000 
10962407.000000 
10964014.000000 
10965319.000000 
10966444.000000 
10967524.000000 
10968037.000000 
10969336.000000 
10969421.000000 
10970843.000000 
10970767.000000 
10972306.000000 
10972032.000000 
10974053.000000 
10973746.000000 
10976177.000000 
10976169.000000 
10979058.000000 
10979238.000000 
10982589.000000 
10983492.000000 
10987228.000000 
10989151.000000 
10993503.000000 
10996422.000000 
11001610.000000 
11005684.000000 
11011576.000000 
11017029.000000 
11023870.000000 
11030831.000000 
11038718.000000 
11047100.000000 
11056115.000000 
11066143.000000 
11076295.000000 
11088109.000000 
11099685.000000 
11113280.000000 
11126230.000000 
11141828.000000 
11156294.000000 
11173828.000000 
11190029.000000 
11209496.000000 
11227382.000000 
11248967.000000 
11268564.000000 
11291922.000000 
11313847.000000 
11338988.000000 
11363114.000000 
11390287.000000 
11416594.000000 
11445705.000000 
11474497.000000 
11505435.000000 
11536667.000000 
11569689.000000 
11603382.000000 
11638319.000000 
11674530.000000 
11711471.000000 
11750068.000000 
11789187.000000 
11830337.000000 
11871511.000000 
11915306.000000 
11958601.000000 
12004784.000000 
12050272.000000 
12098904.000000 
12146516.000000 
12197673.000000 
12247361.000000 
12300779.000000 
12352611.000000 
12407997.000000 
12462158.000000 
12519529.000000 
12575905.000000 
12635071.000000 
12693629.000000 
12754456.000000 
12814961.000000 
12877377.000000 
12939708.000000 
13003338.000000 
13067428.000000 
13132064.000000 
13197414.000000 
13263008.000000 
13329489.000000 
13395689.000000 
13463145.000000 
13529500.000000 
13597511.000000 
13663961.000000 
13732032.000000 
13798109.000000 
13866045.000000 
13931354.000000 
13998523.000000 
14062590.000000 
14128379.000000 
14190882.000000 
14254735.000000 
14315299.000000 
14376650.000000 
14434771.000000 
14492979.000000 
14548074.000000 
14602589.000000 
14653978.000000 
14704137.000000 
14751426.000000 
14796558.000000 
14838946.000000 
14878565.000000 
14915336.000000 
14948673.000000 
14979415.000000 
15005931.000000 
15029960.000000 
15049194.000000 
15065994.000000 
15077337.000000 
15086455.000000 
15089465.000000 
15090263.000000 
15084614.000000 
15076765.000000 
15061992.000000 
15045098.000000 
15021217.000000 
14994871.000000 
14961916.000000 
14925920.000000 
14883616.000000 
14838151.000000 
14786630.000000 
14731655.000000 
14671129.000000 
14606798.000000 
14537488.000000 
14464088.000000 
14386228.000000 
14304185.000000 
14218301.000000 
14127972.000000 
14034660.000000 
13936921.000000 
13836684.000000 
13731993.000000 
13625716.000000 
13514896.000000 
13403182.000000 
13287140.000000 
13170827.000000 
13050389.000000 
12930439.000000 
12806418.000000 
12683334.000000 
12557059.000000 
12431727.000000 
12304008.000000 
12177564.000000 
12049306.000000 
11922441.000000 
11794654.000000 
11668195.000000 
11541634.000000 
11416521.000000 
11292009.000000 
11168873.000000 
11047150.000000 
10926775.000000 
10808428.000000 
10691469.000000 
10577188.000000 
10464131.000000 
10354478.000000 
10245864.000000 
10141162.000000 
10037464.000000 
9938016.000000 
9839435.000000 
9745600.000000 
9652352.000000 
9564092.000000 
9476444.000000 
9393686.000000 
9311843.000000 
9234673.000000 
9158577.000000 
9086866.000000 
9016512.000000 
8950062.000000 
8885254.000000 
8823946.000000 
8764447.000000 
8707989.000000 
8653678.000000 
8601683.000000 
8552012.000000 
8504326.000000 
8459030.000000 
8415217.000000 
8374131.000000 
8333821.500000 
8296419.500000 
8259418.500000 
8225290.000000 
8191132.500000 
8160024.500000 
8128353.500000 
8099789.500000 
8070322.500000 
8043866.000000 
8016284.500000 
7991558.000000 
7965756.500000 
7942390.500000 
7918136.000000 
7895811.500000 
7872796.500000 
7851384.500000 
7829395.500000 
7808548.500000 
7787503.500000 
7767019.500000 
7746594.000000 
7726387.500000 
7706374.000000 
7686273.000000 
7666735.000000 
7646654.000000 
7627441.500000 
7607343.500000 
7588360.500000 
7568155.000000 
7549404.500000 
7529095.000000 
7510427.500000 
7490076.000000 
7471485.500000 
7450930.500000 
7432375.500000 
7411806.000000 
7393046.500000 
7372678.000000 
7353757.000000 
7333469.500000 
7314523.000000 
7294340.500000 
7275161.000000 
7255206.000000 
7235823.500000 
7215996.500000 
7196448.500000 
7176685.000000 
7156884.500000 
7137225.000000 
7117147.000000 
7097525.000000 
7077233.500000 
7057631.000000 
7036964.500000 
7017364.000000 
6996340.500000 
6976564.500000 
6955217.000000 
6935213.500000 
6913366.500000 
6893111.000000 
6870659.000000 
6849816.000000 
6827023.000000 
6805507.500000 
6782239.000000 
6760069.000000 
6736231.500000 
6713214.500000 
6688833.500000 
6664875.500000 
6639877.500000 
6615035.500000 
6589348.500000 
6563467.500000 
6537070.000000 
6510087.000000 
6482852.000000 
6454859.000000 
6426875.500000 
6397814.000000 
6369163.500000 
6339027.000000 
6309629.000000 
6278566.500000 
6248413.000000 
6216399.500000 
6185614.500000 
6152770.000000 
6121309.000000 
6087812.000000 
6055660.500000 
6021696.500000 
5989024.500000 
5954742.500000 
5921596.500000 
5887252.500000 
5853785.500000 
5819447.500000 
5785863.500000 
5751709.500000 
5718088.000000 
5684398.000000 
5650900.000000 
5617650.000000 
5584575.000000 
5552011.500000 
5519479.500000 
5487927.500000 
5456061.000000 
5425565.500000 
5394674.000000 
5365423.000000 
5335623.500000 
5307873.500000 
5279343.500000 
5253103.000000 
5226103.000000 
5201477.500000 
5176035.000000 
5153094.000000 
5129553.500000 
5108369.000000 
5086864.500000 
5067492.500000 
5048068.000000 
5030621.000000 
5013346.000000 
4997747.000000 
4982735.500000 
4969060.500000 
4956247.500000 
4944541.500000 
4933863.500000 
4924031.500000 
4915538.500000 
4907568.000000 
4901175.000000 
4895041.500000 
4890691.000000 
4886263.000000 
4883853.000000 
4881037.500000 
4880372.000000 
4879136.000000 
4880053.000000 
4880157.000000 
4882520.000000 
4883918.500000 
4887389.000000 
4890100.000000 
4894519.500000 
4898226.000000 
4903455.000000 
4908022.000000 
4913766.500000 
4919107.000000 
4925156.500000 
4931003.500000 
4937225.500000 
4943333.000000 
4949469.500000 
4955668.000000 
4961517.500000 
4967640.000000 
4973116.500000 
4978988.000000 
4983838.500000 
4989324.500000 
4993454.500000 
4998331.000000 
5001661.000000 
5005786.000000 
5008173.500000 
5011523.500000 
5012804.000000 
5015115.000000 
5015487.000000 
5016593.500000 
5015979.000000 
5015965.500000 
5014348.000000 
5013137.000000 
5010592.500000 
5008168.000000 
5004676.500000 
5001154.000000 
4996768.500000 
4992126.500000 
4987006.000000 
4981352.500000 
4975442.000000 
4968949.000000 
4962473.000000 
4955191.000000 
4948312.500000 
4940389.500000 
4933181.500000 
4924880.000000 
4917471.000000 
4908868.500000 
4901496.500000 
4892774.000000 
4885470.500000 
4876835.500000 
4869636.000000 
4861344.500000 
4854465.000000 
4846665.000000 
4840167.000000 
4833027.000000 
4827027.500000 
4820645.000000 
4815245.500000 
4809706.500000 
4804961.000000 
4800398.500000 
4796322.500000 
4792687.500000 
4789380.000000 
4786631.000000 
4784055.000000 
4782324.000000 
4780423.000000 
4779586.000000 
4778374.500000 
4778341.000000 
4777700.000000 
4778424.000000 
4778258.000000 
4779528.000000 
4779773.500000 
4781443.500000 
4781912.000000 
4783760.500000 
4784419.500000 
4786202.500000 
4786966.500000 
4788521.000000 
4789107.000000 
4790318.500000 
4790624.500000 
4791244.500000 
4791173.500000 
4791051.500000 
4790442.500000 
4789473.000000 
4788083.500000 
4786153.500000 
4784010.500000 
4781018.500000 
4778024.500000 
4774000.000000 
4770118.500000 
4764996.000000 
4760252.000000 
4754096.000000 
4748509.500000 
4741470.000000 
4735130.000000 
4727261.500000 
4720338.000000 
4711863.500000 
4704355.000000 
4695660.000000 
4687828.000000 
4679081.000000 
4671308.000000 
4662843.000000 
4655321.500000 
4647569.000000 
4640642.000000 
4633899.000000 
4628000.500000 
4622662.000000 
4618127.000000 
4614612.000000 
4611891.000000 
4610584.500000 
4610132.500000 
4611449.000000 
4613628.000000 
4618032.000000 
4623263.500000 
4631046.000000 
4639776.500000 
4651293.000000 
4663837.500000 
4679469.000000 
4696028.500000 
4715901.000000 
4736886.500000 
4761174.000000 
4786805.000000 
4815713.000000 
4846076.000000 
4879594.500000 
4914792.500000 
4952914.000000 
4992879.500000 
5035567.500000 
5080184.000000 
5127188.000000 
5176271.500000 
5227358.500000 
5280497.500000 
5335333.000000 
5392226.000000 
5450380.000000 
5510566.000000 
5571526.000000 
5634416.000000 
5697648.500000 
5762573.000000 
5827371.500000 
5893693.000000 
5959364.500000 
6026288.000000 
6092103.500000 
6158736.000000 
6223921.000000 
6289452.500000 
6353216.500000 
6416780.500000 
6478302.500000 
6539028.500000 
6597488.500000 
6654592.000000 
6709133.500000 
6761756.500000 
6811688.500000 
6859011.500000 
6903477.000000 
6944883.500000 
6983190.500000 
7018004.500000 
7049655.000000 
7077281.000000 
7101700.500000 
7121733.500000 
7138460.500000 
7150488.500000 
7159291.500000 
7163083.500000 
7163655.500000 
7159104.000000 
7151364.500000 
7138384.500000 
7122270.500000 
7101062.500000 
7076682.500000 
7047491.500000 
7015102.000000 
6978200.500000 
6938171.500000 
6893967.500000 
6846704.500000 
6795746.500000 
6741813.500000 
6684649.500000 
6624691.000000 
6561961.500000 
6496613.000000 
6429066.500000 
6359080.500000 
6287446.000000 
6213642.000000 
6138721.000000 
6061877.500000 
5984499.000000 
5905418.500000 
5826339.500000 
5745902.500000 
5665910.000000 
5584809.000000 
5504690.500000 
5423740.000000 
5344083.000000 
5264139.000000 
5185677.500000 
5107320.500000 
5030688.500000 
4954556.500000 
4880261.000000 
4806938.000000 
4735475.500000 
4665372.500000 
4597211.500000 
4530726.000000 
4466136.000000 
4403528.500000 
4342804.000000 
4284333.000000 
4227690.000000 
4173499.000000 
4121031.250000 
4071222.750000 
4022955.500000 
3977478.500000 
3933456.250000 
3892217.000000 
3852321.500000 
3815294.000000 
3779335.000000 
3746223.000000 
3714119.000000 
3684657.000000 
3656196.000000 
3630183.250000 
3605091.750000 
3582203.250000 
3560245.000000 
3540179.750000 
3521029.500000 
3503470.250000 
3486803.500000 
3471396.750000 
3456934.250000 
3443361.750000 
3430696.000000 
3418674.750000 
3407541.000000 
3396754.750000 
3386907.500000 
3377057.750000 
3368145.000000 
3359038.250000 
3350808.750000 
3342141.750000 
3334396.000000 
3325999.750000 
3318502.750000 
3310192.500000 
3302692.500000 
3294361.000000 
3286715.500000 
3278266.500000 
3270355.750000 
3261732.750000 
3253453.250000 
3244555.500000 
3235894.000000 
3226675.000000 
3217526.000000 
3208015.000000 
3198380.250000 
3188526.000000 
3178449.250000 
3168226.500000 
3157699.250000 
3147216.000000 
3136262.500000 
3125510.000000 
3114228.750000 
3103274.750000 
3091689.000000 
3080584.750000 
3068749.250000 
3057517.750000 
3045518.500000 
3034209.500000 
3022061.000000 
3010692.750000 
2998525.750000 
2987066.750000 
2974983.000000 
2963490.500000 
2951481.500000 
2939989.750000 
2928097.250000 
2916598.250000 
2904869.000000 
2893375.750000 
2881809.250000 
2870331.000000 
2858859.750000 
2847372.500000 
2836025.750000 
2824524.750000 
2813293.000000 
2801776.500000 
2790611.500000 
2779048.000000 
2767948.000000 
2756289.750000 
2745166.750000 
2733433.000000 
2722266.000000 
2710369.000000 
2699131.250000 
2687051.000000 
2675614.000000 
2663415.750000 
2651721.500000 
2639347.500000 
2627399.500000 
2614818.500000 
2602555.750000 
2589792.000000 
2577171.500000 
2564175.500000 
2551214.750000 
2537967.000000 
2524615.500000 
2511118.250000 
2497380.750000 
2483628.500000 
2469559.500000 
2455570.500000 
2441138.250000 
2426959.500000 
2412213.500000 
2397818.750000 
2382829.250000 
2368262.500000 
2353037.750000 
2338356.750000 
2322934.500000 
2308138.250000 
2292619.000000 
2277712.000000 
2262211.250000 
2247280.000000 
2231851.500000 
2216931.250000 
2201659.000000 
2186815.000000 
2171748.000000 
2157066.750000 
2142282.750000 
2127798.000000 
2113406.750000 
2099178.000000 
2085150.500000 
2071274.375000 
2057729.250000 
2044231.000000 
2031255.000000 
2018218.375000 
2005819.250000 
1993321.250000 
1981551.625000 
1969610.375000 
1958514.875000 
1947191.125000 
1936797.500000 
1926124.000000 
1916409.625000 
1906446.375000 
1897431.125000 
1888222.250000 
1879886.750000 
1871475.000000 
1863826.000000 
1856193.625000 
1849258.500000 
1842408.000000 
1836131.000000 
1830067.250000 
1824436.500000 
1819114.875000 
1814128.625000 
1809481.875000 
1805095.250000 
1801175.000000 
1797341.750000 
1794063.750000 
1790781.125000 
1788098.250000 
1785294.375000 
1783168.625000 
1780799.250000 
1779160.750000 
1777218.750000 
1776011.250000 
1774392.000000 
1773523.875000 
1772238.750000 
1771618.625000 
1770653.250000 
1770235.875000 
1769503.875000 
1769236.750000 
1768706.750000 
1768514.875000 
1768150.000000 
1767964.500000 
1767698.000000 
1767510.000000 
1767272.000000 
1767004.375000 
1766772.750000 
1766385.375000 
1766119.125000 
1765602.375000 
1765258.125000 
1764560.750000 
1764141.125000 
1763243.375000 
1762675.000000 
1761599.125000 
1760864.125000 
1759551.625000 
1758671.000000 
1757118.250000 
1755991.125000 
1754280.250000 
1752920.250000 
1751033.375000 
1749463.250000 
1747412.750000 
1745609.125000 
1743446.125000 
1741410.750000 
1739125.500000 
1736913.750000 
1734536.250000 
1732131.250000 
1729667.875000 
1727114.625000 
1724580.125000 
1721910.000000 
1719362.500000 
1716580.500000 
1714049.500000 
1711202.375000 
1708690.125000 
1705826.125000 
1703349.875000 
1700469.375000 
1698059.250000 
1695187.625000 
1692848.750000 
1690041.500000 
1687729.875000 
1685022.250000 
1682781.000000 
1680175.500000 
1677974.875000 
1675516.250000 
1673368.500000 
1671026.000000 
1668936.375000 
1666713.625000 
1664649.750000 
1662556.375000 
1660502.250000 
1658479.250000 
1656448.000000 
1654500.125000 
1652441.875000 
1650569.750000 
1648475.125000 
1646631.750000 
1644492.625000 
1642647.625000 
1640424.750000 
1638556.750000 
1636242.000000 
1634310.625000 
1631883.500000 
1629841.375000 
1627287.250000 
1625103.750000 
1622443.375000 
1620080.000000 
1617313.000000 
1614773.625000 
1611886.875000 
1609170.125000 
1606156.125000 
1603240.750000 
1600139.375000 
1597038.250000 
1593845.750000 
1590600.000000 
1587308.875000 
1583941.750000 
1580637.625000 
1577172.375000 
1573873.125000 
1570383.250000 
1567155.750000 
1563697.125000 
1560608.125000 
1557249.375000 
1554339.375000 
1551176.625000 
1548533.750000 
1545615.875000 
1543302.750000 
1540769.625000 
1538843.250000 
1536824.750000 
1535393.500000 
1533951.125000 
1533110.750000 
1532364.250000 
1532190.750000 
1532239.750000 
1532831.875000 
1533763.125000 
1535207.000000 
1537098.000000 
1539468.500000 
1542387.750000 
1545770.750000 
1549796.250000 
1554254.750000 
1559453.000000 
1565028.625000 
1571438.250000 
1578174.750000 
1585804.875000 
1593740.750000 
1602597.000000 
1611717.375000 
1621812.250000 
1632091.375000 
1643336.625000 
1654796.125000 
1667128.500000 
1679694.125000 
1693081.625000 
1706676.250000 
1720995.375000 
1735553.875000 
1750690.000000 
1766066.250000 
1781902.125000 
1797978.125000 
1814339.875000 
1830943.000000 
1847698.125000 
1864639.500000 
1881607.875000 
1898726.125000 
1915710.875000 
1932811.875000 
1949617.000000 
1966496.000000 
1982931.125000 
1999369.250000 
2015221.750000 
2031026.250000 
2046082.500000 
2061023.250000 
2075096.750000 
2088938.125000 
2101851.750000 
2114424.500000 
2126004.250000 
2137106.750000 
2147194.500000 
2156657.000000 
2165080.500000 
2172772.250000 
2179400.000000 
2185177.000000 
2189925.000000 
2193678.000000 
2196406.750000 
2198078.000000 
2198747.250000 
2198276.000000 
2196853.250000 
2194216.250000 
2190682.000000 
2185904.000000 
2180280.750000 
2173366.000000 
2165688.250000 
2156713.250000 
2147030.750000 
2136076.500000 
2124484.000000 
2111645.750000 
2098234.750000 
2083672.375000 
2068561.625000 
2052427.375000 
2035765.875000 
2018204.625000 
2000168.250000 
1981350.125000 
1962093.250000 
1942212.125000 
1921912.375000 
1901145.000000 
1880000.500000 
1858511.625000 
1836699.125000 
1814703.500000 
1792420.375000 
1770093.500000 
1747525.375000 
1725054.000000 
1702371.000000 
1679921.875000 
1657298.250000 
1635023.125000 
1612627.500000 
1590674.000000 
1568635.125000 
1547132.625000 
1525598.750000 
1504630.875000 
1483746.125000 
1463432.125000 
1443278.625000 
1423717.375000 
1404379.125000 
1385626.000000 
1367184.875000 
1349289.125000 
1331775.125000 
1314790.125000 
1298241.375000 
1282180.125000 
1266611.375000 
1251483.875000 
1236897.375000 
1222708.875000 
1209100.625000 
1195832.625000 
1183186.500000 
1170814.250000 
1159088.375000 
1147593.000000 
1136740.375000 
1126066.625000 
1116051.375000 
1106142.000000 
1096874.375000 
1087719.750000 
1079138.000000 
1070667.125000 
1062726.000000 
1054888.750000 
1047511.000000 
1040252.875000 
1033375.437500 
1026630.687500 
1020197.750000 
1013911.312500 
1007854.937500 
1001969.812500 
996241.125000 
990685.062500 
985231.500000 
979969.312500 
974739.562500 
969735.812500 
964693.750000 
959889.125000 
954999.000000 
950359.375000 
945585.750000 
941078.625000 
936391.062500 
931981.062500 
927362.125000 
923005.312500 
918451.625000 
914137.000000 
909633.812500 
905337.375000 
900886.312500 
896596.937500 
892186.812500 
887905.750000 
883532.937500 
879240.687500 
874918.125000 
870612.250000 
866304.812500 
862000.250000 
857727.687500 
853414.875000 
849189.437500 
844877.562500 
840689.125000 
836386.625000 
832238.250000 
827942.500000 
823840.437500 
819562.375000 
815496.250000 
811246.375000 
807222.062500 
802986.812500 
798981.562500 
794789.125000 
790799.500000 
786660.937500 
782687.937500 
778588.375000 
774639.125000 
770578.562500 
766626.500000 
762618.437500 
758669.000000 
754692.000000 
750737.750000 
746784.812500 
742820.937500 
738895.500000 
734913.750000 
731003.125000 
727007.625000 
723105.625000 
719075.875000 
715182.250000 
711121.187500 
707213.000000 
703123.687500 
699192.437500 
695054.437500 
691098.875000 
686920.437500 
682909.875000 
678708.500000 
674644.687500 
670410.812500 
666295.312500 
662027.437500 
657847.000000 
653556.750000 
649314.625000 
644994.062500 
640697.625000 
636350.875000 
631989.250000 
627614.875000 
623198.562500 
618803.250000 
614348.062500 
609945.750000 
605451.312500 
601054.187500 
596533.562500 
592137.312500 
587607.750000 
583227.375000 
578697.312500 
574349.500000 
569827.687500 
565506.312500 
561030.875000 
556740.812500 
552325.000000 
548090.375000 
543756.812500 
539584.437500 
535353.750000 
531260.062500 
527144.312500 
523146.343750 
519157.125000 
515262.375000 
511421.718750 
507644.718750 
503949.687500 
500309.843750 
496782.406250 
493285.437500 
489943.687500 
486602.375000 
483444.437500 
480277.031250 
477312.406250 
474317.125000 
471553.312500 
468743.343750 
466180.406250 
463555.468750 
461178.812500 
458754.062500 
456571.968750 
454350.906250 
452353.968750 
450339.281250 
448523.218750 
446708.406250 
445071.156250 
443451.625000 
441975.906250 
440554.156250 
439230.125000 
437979.906250 
436806.312500 
435718.750000 
434671.625000 
433740.093750 
432816.468750 
432020.562500 
431208.375000 
430533.375000 
429811.656250 
429248.437500 
428601.375000 
428119.437500 
427542.406250 
427126.687500 
426590.187500 
426214.062500 
425722.343750 
425367.000000 
424906.718750 
424553.437500 
424103.343750 
423743.625000 
423293.312500 
422901.562500 
422443.281250 
422008.375000 
421523.093750 
421029.437500 
420500.218750 
419938.218750 
419361.125000 
418721.312500 
418086.750000 
417368.781250 
416671.656250 
415859.531250 
415095.656250 
414193.375000 
413351.468750 
412359.156250 
411439.000000 
410352.000000 
409354.656250 
408180.312500 
407088.406250 
405845.437500 
404669.000000 
403356.750000 
402104.656250 
400732.125000 
399404.187500 
397985.781250 
396591.281250 
395132.781250 
393684.625000 
392195.656250 
390697.343750 
389188.250000 
387658.062500 
386141.500000 
384595.906250 
383086.875000 
381533.500000 
380049.093750 
378503.625000 
377046.843750 
375523.781250 
374110.375000 
372620.937500 
371260.562500 
369812.812500 
368508.343750 
367122.406250 
365875.343750 
364564.125000 
363387.343750 
362160.500000 
361053.562500 
359916.968750 
358883.250000 
357837.343750 
356879.156250 
355926.687500 
355041.062500 
354183.250000 
353366.000000 
352588.750000 
351840.812500 
351148.406250 
350459.687500 
349847.843750 
349216.625000 
348672.343750 
348093.187500 
347606.968750 
347064.843750 
346627.406250 
346114.343750 
345710.125000 
345215.468750 
344826.437500 
344343.906250 
343958.031250 
343484.125000 
343087.062500 
342611.218750 
342191.812500 
341701.343750 
341253.968750 
340743.687500 
340254.812500 
339722.531250 
339184.468750 
338617.250000 
338030.906250 
337424.875000 
336783.843750 
336148.875000 
335458.781250 
334793.312500 
334061.468750 
333365.156250 
332596.281250 
331882.625000 
331086.812500 
330360.562500 
329554.031250 
328831.218750 
328020.218750 
327307.000000 
326521.468750 
325833.312500 
325096.687500 
324454.531250 
323786.281250 
323212.062500 
322629.812500 
322142.218750 
321675.000000 
321294.812500 
320960.968750 
320712.031250 
320530.687500 
320434.718750 
320431.781250 
320504.968750 
320698.125000 
320967.218750 
321374.468750 
321848.812500 
322490.312500 
323187.031250 
324064.062500 
324998.531250 
326122.218750 
327294.937500 
328670.062500 
330083.093750 
331699.406250 
333364.781250 
335217.812500 
337127.812500 
339212.125000 
341352.750000 
343649.375000 
346008.312500 
348497.906250 
351052.375000 
353714.468750 
356440.375000 
359242.968750 
362108.750000 
365022.875000 
367992.843750 
370986.250000 
374025.843750 
377056.781250 
380130.968750 
383159.625000 
386219.187500 
389204.750000 
392206.187500 
395102.875000 
398003.406250 
400767.000000 
403519.218750 
406108.343750 
408662.281250 
411039.937500 
413355.250000 
415483.062500 
417517.562500 
419355.843750 
421072.718750 
422586.000000 
423950.281250 
425108.375000 
426090.406250 
426866.062500 
427440.281250 
427808.343750 
427960.718750 
427905.843750 
427618.218750 
427133.781250 
426400.625000 
425477.562500 
424296.687500 
422934.125000 
421308.906250 
419515.562500 
417455.031250 
415238.187500 
412757.937500 
410134.500000 
407255.093750 
404244.312500 
400996.781250 
397624.593750 
394039.000000 
390334.375000 
386442.500000 
382441.000000 
378276.500000 
374012.000000 
369616.968750 
365127.093750 
360536.406250 
355864.406250 
351117.812500 
346301.125000 
341445.500000 
336528.312500 
331600.156250 
326625.500000 
321665.625000 
316667.687500 
311715.656250 
306735.343750 
301824.281250 
296898.968750 
292061.343750 
287219.500000 
282485.250000 
277761.750000 
273156.000000 
268581.750000 
264127.593750 
259723.921875 
255444.234375 
251228.218750 
247138.265625 
243127.765625 
239239.750000 
235445.234375 
231769.781250 
228198.125000 
224739.265625 
221394.125000 
218154.703125 
215038.843750 
212020.296875 
209129.687500 
206325.218750 
203657.234375 
201061.078125 
198603.828125 
196209.812500 
193953.812500 
191749.343750 
189682.093750 
187653.796875 
185756.781250 
183898.203125 
182156.453125 
180451.875000 
178851.125000 
177283.500000 
175806.203125 
174361.828125 
172990.140625 
171651.359375 
170371.156250 
169122.625000 
167917.015625 
166743.328125 
165598.328125 
164483.984375 
163387.281250 
162320.437500 
161258.796875 
160229.984375 
159189.812500 
158184.890625 
157160.375000 
156169.437500 
155149.859375 
154167.343750 
153146.468750 
152162.234375 
151135.250000 
150142.453125 
149109.031250 
148106.062500 
147064.828125 
146048.656250 
144999.390625 
143967.718750 
142908.484375 
141862.156250 
140796.546875 
139736.031250 
138665.390625 
137593.093750 
136517.218750 
135438.078125 
134362.171875 
133277.625000 
132207.281250 
131123.593750 
130060.093750 
128981.070312 
127929.007812 
126858.343750 
125822.007812 
124763.390625 
123744.023438 
122703.226562 
121704.609375 
120683.570312 
119707.984375 
118713.765625 
117761.476562 
116798.031250 
115871.460938 
114938.500000 
114040.257812 
113139.171875 
112267.867188 
111401.421875 
110557.367188 
109724.070312 
108907.562500 
108105.531250 
107316.078125 
106547.265625 
105783.757812 
105045.773438 
104307.554688 
103597.859375 
102882.539062 
102199.625000 
101504.695312 
100844.476562 
100169.164062 
99528.851562 
98868.570312 
98244.726562 
97598.609375 
96985.570312 
96354.273438 
95749.914062 
95129.234375 
94530.734375 
93917.492188 
93321.734375 
92714.492188 
92117.570312 
91512.781250 
90913.718750 
90309.101562 
89704.703125 
89098.312500 
88486.851562 
87878.460938 
87260.000000 
86646.570312 
86018.320312 
85401.148438 
84762.820312 
84138.875000 
83490.804688 
82859.343750 
82200.367188 
81561.906250 
80892.351562 
80243.726562 
79567.414062 
78909.515625 
78227.414062 
77561.703125 
76874.875000 
76200.984375 
75511.078125 
74830.265625 
74138.507812 
73453.039062 
72761.000000 
72072.210938 
71381.406250 
70690.703125 
70002.226562 
69312.898438 
68630.085938 
67944.117188 
67269.867188 
66588.585938 
65923.976562 
65250.664062 
64597.937500 
63934.050781 
63295.292969 
62643.609375 
62019.777344 
61381.972656 
60773.484375 
60154.140625 
59562.867188 
58963.953125 
58391.453125 
57814.960938 
57261.761719 
56708.652344 
56176.410156 
55647.988281 
55137.144531 
54635.000000 
54146.207031 
53669.320312 
53204.367188 
52753.390625 
52311.425781 
51887.878906 
51469.808594 
51072.503906 
50677.699219 
50306.140625 
49934.410156 
49587.886719 
49237.816406 
48914.734375 
48586.421875 
48284.851562 
47975.976562 
47694.339844 
47405.976562 
47141.554688 
46872.781250 
46624.105469 
46371.695312 
46136.964844 
45899.496094 
45675.710938 
45451.687500 
45236.828125 
45023.175781 
44814.769531 
44608.429688 
44404.617188 
44204.714844 
44002.933594 
43806.695312 
43605.101562 
43410.453125 
43206.382812 
43011.406250 
42803.242188 
42605.035156 
42391.214844 
42187.921875 
41966.687500 
41756.089844 
41526.312500 
41305.898438 
41068.234375 
40837.054688 
40590.375000 
40347.519531 
40090.328125 
39835.300781 
39567.742188 
39299.617188 
39021.757812 
38741.281250 
38452.546875 
38159.417969 
37860.507812 
37555.421875 
37247.578125 
36932.312500 
36616.511719 
36291.632812 
35969.906250 
35636.667969 
35309.648438 
34970.441406 
34639.476562 
34296.113281 
33963.371094 
33617.117188 
33283.730469 
32938.585938 
32605.310547 
32263.630859 
31933.544922 
31597.498047 
31272.046875 
30943.646484 
30625.207031 
30306.304688 
29996.667969 
29689.138672 
29389.480469 
29094.736328 
28806.775391 
28525.589844 
28250.916016 
27985.269531 
27724.716797 
27475.740234 
27229.738281 
26997.380859 
26766.482422 
26550.941406 
26335.667969 
26136.802734 
25936.500000 
25753.574219 
25567.892578 
25399.150391 
25228.037109 
25072.515625 
24915.226562 
24771.572266 
24626.642578 
24493.044922 
24358.330078 
24232.888672 
24107.074219 
23987.666016 
23868.615234 
23753.207031 
23638.582031 
23525.232422 
23412.640625 
23299.052734 
23187.308594 
23071.410156 
22958.177734 
22838.691406 
22722.042969 
22597.042969 
22475.410156 
22343.310547 
22214.744141 
22075.068359 
21938.441406 
21789.636719 
21644.162109 
21486.781250 
21331.621094 
21165.947266 
21001.025391 
20826.662109 
20652.939453 
20470.455078 
20288.218750 
20099.326172 
19909.521484 
19715.212891 
19519.417969 
19320.994141 
19121.351562 
18921.214844 
18719.580078 
18520.224609 
18319.367188 
18123.246094 
17925.556641 
17735.419922 
17543.765625 
17361.957031 
17179.615234 
17008.884766 
16838.685547 
16681.890625 
16526.414062 
16385.865234 
16248.896484 
16127.099609 
16011.244141 
15910.685547 
15817.800781 
15740.552734 
15672.753906 
15620.492188 
15579.520508 
15553.686523 
15540.483398 
15541.938477 
15557.414062 
15586.779297 
15631.031250 
15688.459961 
15761.423828 
15846.350586 
15947.507812 
16058.577148 
16186.457031 
16322.703125 
16475.093750 
16634.416016 
16809.257812 
16988.878906 
17182.982422 
17380.330078 
17590.199219 
17802.496094 
18024.724609 
18248.126953 
18478.646484 
18709.027344 
18943.787109 
19176.912109 
19411.437500 
19643.015625 
19873.046875 
20098.552734 
20319.460938 
20534.474609 
20741.904297 
20941.867188 
21131.714844 
21312.697266 
21480.738281 
21638.800781 
21781.316406 
21912.611328 
22026.093750 
22127.417969 
22208.908203 
22277.253906 
22324.263672 
22357.234375 
22367.939453 
22363.728516 
22336.982422 
22294.257812 
22229.240234 
22147.347656 
22043.613281 
21922.658203 
21780.457031 
21620.783203 
21441.277344 
21244.064453 
21028.371094 
20795.351562 
20545.355469 
20278.677734 
19997.156250 
19699.576172 
19389.117188 
19063.833984 
18727.701172 
18377.751953 
18019.458984 
17648.738281 
17271.824219 
16884.185547 
16492.525391 
16091.801758 
15689.208984 
15279.610352 
14869.884766 
14455.689453 
14042.655273 
13627.663086 
13215.324219 
12802.992188 
12394.808594 
11988.860352 
11588.068359 
11191.592773 
10801.448242 
10417.388672 
10040.605469 
9671.528320 
9310.445312 
8958.703125 
8615.403320 
8282.780273 
7958.964844 
7646.974121 
7343.828125 
7053.437012 
6772.001465 
6503.789062 
6244.462402 
5998.766602 
5761.725586 
5538.256348 
5323.703125 
5122.033203 
4929.475098 
4749.148438 
4577.638672 
4417.604492 
4266.266602 
4125.377930 
3992.943115 
3869.987549 
3755.017334 
3648.467773 
3549.479980 
3457.756836 
3373.093750 
3294.640869 
3222.692871 
3155.809082 
3094.957520 
3037.909912 
2986.484375 
2937.707520 
2893.930664 
2851.893311 
2814.291016 
2777.479248 
2744.492676 
2711.548096 
2681.808594 
2651.649170 
2623.863770 
2595.410156 
2568.521729 
2540.748047 
2513.863770 
2485.907715 
2458.220459 
2429.429932 
2400.350830 
2370.219727 
2339.266113 
2307.329346 
2274.309814 
2240.376221 
2205.114746 
2169.165283 
2131.601074 
2093.663574 
2053.915527 
2014.117920 
1972.421631 
1930.960205 
1887.569336 
1844.737671 
1800.072998 
1756.158447 
1710.636963 
1666.100342 
1620.261475 
1575.491333 
1529.920532 
1485.383789 
1440.492920 
1396.745483 
1352.962524 
1310.374390 
1268.251221 
1227.293457 
1187.156982 
1148.214478 
1110.409790 
1073.839844 
1038.782715 
1004.854370 
972.779846 
941.784912 
912.904175 
885.001038 
859.453796 
834.776428 
812.633240 
791.261230 
772.453491 
754.420837 
738.893066 
724.126160 
711.795349 
700.291687 
690.973267 
682.557800 
676.098755 
670.539612 
666.715576 
663.809998 
662.395081 
661.848083 
662.571655 
664.133118 
666.665283 
670.036682 
674.109253 
679.034058 
684.383179 
690.553345 
696.910034 
704.084656 
711.129333 
719.003784 
726.546265 
734.826233 
742.612976 
751.086182 
758.896240 
767.292908 
775.002441 
783.114990 
790.571472 
798.268738 
805.320618 
812.452454 
818.973083 
825.443115 
831.355713 
837.066162 
842.278442 
847.195374 
851.650085 
855.715637 
859.402893 
862.622253 
865.539612 
867.916199 
870.103577 
871.651123 
873.108826 
873.882019 
874.612061 
874.628235 
874.708008 
874.021973 
873.452332 
872.143616 
870.963379 
869.132568 
867.400696 
865.100891 
862.883057 
860.197388 
857.535522 
854.507874 
851.482666 
848.165100 
844.829834 
841.295776 
837.689453 
833.970825 
830.183838 
826.339905 
822.389282 
818.494507 
814.459229 
810.548035 
806.460144 
802.558655 
798.460083 
794.603760 
790.519714 
786.723389 
782.697388 
778.980774 
775.050415 
771.424316 
767.611145 
764.090759 
760.439514 
757.029297 
753.536316 
750.248108 
746.901978 
743.745483 
740.556274 
737.504517 
734.479980 
731.546875 
728.653381 
725.823425 
723.073547 
720.339844 
717.718994 
715.073669 
712.570251 
709.986084 
707.583191 
705.054016 
702.707642 
700.214905 
697.911194 
695.445312 
693.160706 
690.697937 
688.400696 
685.948975 
683.611877 
681.142151 
678.757324 
676.244019 
673.781860 
671.214478 
668.649658 
665.997986 
663.329773 
660.577515 
657.777161 
654.912476 
651.969727 
648.984436 
645.892029 
642.766357 
639.511902 
636.243896 
632.813110 
629.385010 
625.772278 
622.168152 
618.370789 
614.586365 
610.598083 
606.625977 
602.459106 
598.288208 
593.938293 
589.577393 
585.050476 
580.486572 
575.783264 
571.024841 
566.139771 
561.193787 
556.133362 
550.998291 
545.773071 
540.459045 
535.068787 
529.584839 
524.043213 
518.403320 
512.719788 
506.927887 
501.112549 
495.185852 
489.244232 
483.190857 
477.140137 
470.973419 
464.821747 
458.563538 
452.320129 
445.985901 
439.671661 
433.278900 
426.905365 
420.472321 
414.052887 
407.592468 
401.145508 
394.672333 
388.212708 
381.745453 
375.287476 
368.840424 
362.404297 
355.989136 
349.587219 
343.226532 
336.874786 
330.578156 
324.293915 
318.073761 
311.868378 
305.739105 
299.623962 
293.593842 
287.585114 
281.664978 
275.771088 
269.970947 
264.206848 
258.534149 
252.907639 
247.370300 
241.887878 
236.493195 
231.159698 
225.911835 
220.733032 
215.636246 
210.615204 
205.674301 
200.811752 
196.027954 
191.329849 
186.704407 
182.167526 
177.702881 
173.329483 
169.022705 
164.809967 
160.660980 
156.606705 
152.614365 
148.714584 
144.875870 
141.129669 
137.442184 
133.843170 
130.306290 
126.851662 
123.460266 
120.147705 
116.896950 
113.720581 
110.607635 
107.563744 
104.582970 
101.668312 
98.816055 
96.025795 
93.297874 
90.628250 
88.020683 
85.468880 
82.977295 
80.538544 
78.160263 
75.830925 
73.561142 
71.337845 
69.172546 
67.051933 
64.988029 
62.966248 
60.999557 
59.074726 
57.201630 
55.369900 
53.587997 
51.846367 
50.151634 
48.497410 
46.886806 
45.316151 
43.787460 
42.297466 
40.847092 
39.435448 
38.060776 
36.723923 
35.422661 
34.157967 
32.927284 
31.732374 
30.569407 
29.441271 
28.343821 
27.280075 
26.245407 
25.243423 
24.269295 
23.326580 
22.410620 
21.524586 
20.664534 
19.833076 
19.026480 
18.247005 
17.491732 
16.761923 
16.055561 
15.373342 
14.713536 
14.076660 
13.461433 
12.867613 
12.294689 
11.742086 
11.209387 
10.695791 
10.201379 
9.724787 
9.266534 
8.825107 
8.401015 
7.992789 
7.601169 
7.224308 
6.863152 
6.515945 
6.183458 
5.864184 
5.558623 
5.265573 
4.985352 
4.716924 
4.460409 
4.215024 
3.980710 
3.756831 
3.543304 
3.339527 
3.145280 
2.960232 
2.784043 
2.616336 
2.456885 
2.305383 
2.161413 
2.024864 
1.895282 
1.772535 
1.656196 
1.546212 
1.442065 
1.343776 
1.250866 
1.163315 
1.080686 
1.002970 
0.929762 
0.861008 
0.796381 
0.735777 
0.678943 
0.625742 
0.575948 
0.529433 
0.486001 
0.445501 
0.407780 
0.372688 
0.340076 
0.309820 
0.281781 
0.255828 
0.231851 
0.209725 
0.189340 
0.170583 
0.153365 
0.137570 
0.123119 
0.109911 
0.097872 
0.086911 
0.076968 
0.067954 
0.059813 
0.052472 
0.045874 
0.039957 
0.034670 
0.029957 
0.025771 
0.022065 
0.018797 
0.015927 
0.013416 
0.011230 
0.009337 
0.007707 
0.006311 
0.005123 
0.004120 
0.003280 
0.002582 
0.002007 
0.001539 
0.001162 
0.000863 
0.000628 
0.000447 
0.000310 
0.000209 
0.000136 
0.000085 
0.000050 
0.000028 
0.000014 
0.000007 
0.000003 
0.000001 
0.000000 
0.000000 
0.000000 
