69134096.000000 
69108976.000000 
69056608.000000 
68957600.000000 
68829760.000000 
68657024.000000 
68455888.000000 
68212432.000000 
67939872.000000 
67629008.000000 
67289168.000000 
66914680.000000 
66512632.000000 
66080128.000000 
65620496.000000 
65135344.000000 
64624880.000000 
64092960.000000 
63538176.000000 
62967104.000000 
62374976.000000 
61771872.000000 
61149928.000000 
60522152.000000 
59878120.000000 
59232920.000000 
58574096.000000 
57919360.000000 
57252576.000000 
56595416.000000 
55928952.000000 
55274576.000000 
54616128.000000 
53972064.000000 
53327720.000000 
52699568.000000 
52075680.000000 
51468704.000000 
50869960.000000 
50289784.000000 
49721216.000000 
49171400.000000 
48637256.000000 
48120736.000000 
47622840.000000 
47143120.000000 
46684536.000000 
46243192.000000 
45825728.000000 
45424248.000000 
45048152.000000 
44687128.000000 
44352480.000000 
44030968.000000 
43737600.000000 
43455280.000000 
43201424.000000 
42956976.000000 
42740288.000000 
42531752.000000 
42349336.000000 
42174784.000000 
42023888.000000 
41880984.000000 
41758656.000000 
41643904.000000 
41546880.000000 
41456736.000000 
41381136.000000 
41312656.000000 
41254744.000000 
41203888.000000 
41160552.000000 
41123088.000000 
41090144.000000 
41064000.000000 
41038072.000000 
41018896.000000 
40997432.000000 
40982072.000000 
40961552.000000 
40947872.000000 
40925696.000000 
40910376.000000 
40884872.000000 
40865864.000000 
40833888.000000 
40808400.000000 
40769592.000000 
40735776.000000 
40689528.000000 
40646256.000000 
40591404.000000 
40538160.000000 
40474132.000000 
40409996.000000 
40336980.000000 
40261948.000000 
40180164.000000 
40094988.000000 
40004412.000000 
39909052.000000 
39810180.000000 
39705484.000000 
39599572.000000 
39487228.000000 
39375508.000000 
39256272.000000 
39140320.000000 
39015524.000000 
38896160.000000 
38767868.000000 
38646240.000000 
38515364.000000 
38393648.000000 
38261484.000000 
38139200.000000 
38008860.000000 
37887680.000000 
37759988.000000 
37641512.000000 
37517780.000000 
37402256.000000 
37284300.000000 
37172952.000000 
37060996.000000 
36955144.000000 
36850116.000000 
36749472.000000 
36651852.000000 
36557112.000000 
36466820.000000 
36378520.000000 
36296420.000000 
36214536.000000 
36140660.000000 
36064752.000000 
35998364.000000 
35928744.000000 
35869332.000000 
35805384.000000 
35753076.000000 
35694336.000000 
35647700.000000 
35593592.000000 
35550660.000000 
35501208.000000 
35462012.000000 
35416440.000000 
35379560.000000 
35337704.000000 
35301772.000000 
35262120.000000 
35227092.000000 
35188656.000000 
35152908.000000 
35115528.000000 
35078092.000000 
35039752.000000 
35000596.000000 
34961056.000000 
34918556.000000 
34877896.000000 
34831428.000000 
34788272.000000 
34737988.000000 
34691928.000000 
34637068.000000 
34587960.000000 
34528244.000000 
34475304.000000 
34410932.000000 
34353448.000000 
34284004.000000 
34221496.000000 
34148172.000000 
34080624.000000 
34003700.000000 
33931040.000000 
33850480.000000 
33773096.000000 
33689016.000000 
33607080.000000 
33520628.000000 
33434646.000000 
33346020.000000 
33256582.000000 
33165404.000000 
33072506.000000 
32980536.000000 
32885066.000000 
32792648.000000 
32695894.000000 
32603572.000000 
32505668.000000 
32414368.000000 
32315968.000000 
32225872.000000 
32128480.000000 
32040488.000000 
31944056.000000 
31858632.000000 
31764616.000000 
31681120.000000 
31591420.000000 
31510702.000000 
31425132.000000 
31348332.000000 
31267900.000000 
31194964.000000 
31120624.000000 
31052052.000000 
30984008.000000 
30920662.000000 
30858936.000000 
30800528.000000 
30745884.000000 
30692928.000000 
30645648.000000 
30599146.000000 
30559528.000000 
30519072.000000 
30487536.000000 
30453320.000000 
30429488.000000 
30402366.000000 
30386512.000000 
30366124.000000 
30358628.000000 
30344592.000000 
30343744.000000 
30337446.000000 
30343108.000000 
30344520.000000 
30356872.000000 
30365776.000000 
30384060.000000 
30400704.000000 
30424804.000000 
30448192.000000 
30478044.000000 
30508456.000000 
30543204.000000 
30580264.000000 
30619588.000000 
30662196.000000 
30705792.000000 
30754176.000000 
30801640.000000 
30855548.000000 
30906412.000000 
30965058.000000 
31019392.000000 
31082056.000000 
31139120.000000 
31205828.000000 
31265090.000000 
31334840.000000 
31396024.000000 
31467280.000000 
31530896.000000 
31603768.000000 
31669392.000000 
31742876.000000 
31810614.000000 
31884084.000000 
31952964.000000 
32026524.000000 
32096508.000000 
32169252.000000 
32240524.000000 
32312056.000000 
32383064.000000 
32453408.000000 
32524072.000000 
32592548.000000 
32663552.000000 
32730130.000000 
32800308.000000 
32865052.000000 
32934380.000000 
32996480.000000 
33064886.000000 
33124264.000000 
33191172.000000 
33248356.000000 
33313368.000000 
33367372.000000 
33429376.000000 
33481482.000000 
33540208.000000 
33590440.000000 
33645764.000000 
33693784.000000 
33745908.000000 
33791584.000000 
33839916.000000 
33883792.000000 
33928084.000000 
33969632.000000 
34010140.000000 
34049064.000000 
34085772.000000 
34122584.000000 
34155308.000000 
34190080.000000 
34219404.000000 
34251728.000000 
34277492.000000 
34308248.000000 
34330644.000000 
34359352.000000 
34379364.000000 
34406352.000000 
34423484.000000 
34448840.000000 
34463620.000000 
34486568.000000 
34501068.000000 
34522216.000000 
34536028.000000 
34556136.000000 
34569948.000000 
34588744.000000 
34603408.000000 
34621536.000000 
34637360.000000 
34655824.000000 
34673408.000000 
34692016.000000 
34711840.000000 
34731400.000000 
34754088.000000 
34775744.000000 
34802120.000000 
34826104.000000 
34857160.000000 
34884288.000000 
34920112.000000 
34951552.000000 
34992952.000000 
35029096.000000 
35076848.000000 
35118184.000000 
35171936.000000 
35220328.000000 
35280192.000000 
35336216.000000 
35403384.000000 
35467448.000000 
35541760.000000 
35614976.000000 
35696832.000000 
35779216.000000 
35869448.000000 
35961448.000000 
36059680.000000 
36161744.000000 
36267984.000000 
36379240.000000 
36493984.000000 
36615152.000000 
36738096.000000 
36869392.000000 
37000360.000000 
37141120.000000 
37280096.000000 
37429768.000000 
37576240.000000 
37734624.000000 
37888160.000000 
38054512.000000 
38214856.000000 
38387224.000000 
38554120.000000 
38732240.000000 
38905312.000000 
39087992.000000 
39266856.000000 
39453360.000000 
39636600.000000 
39826196.000000 
40013320.000000 
40204772.000000 
40395216.000000 
40587332.000000 
40779672.000000 
40972228.000000 
41165552.000000 
41357300.000000 
41551744.000000 
41742164.000000 
41936264.000000 
42125060.000000 
42318224.000000 
42504644.000000 
42696968.000000 
42880572.000000 
43071128.000000 
43252316.000000 
43440704.000000 
43618556.000000 
43804128.000000 
43979996.000000 
44162488.000000 
44336936.000000 
44516616.000000 
44689336.000000 
44866648.000000 
45038288.000000 
45213144.000000 
45384648.000000 
45557976.000000 
45729736.000000 
45902136.000000 
46074208.000000 
46246184.000000 
46419816.000000 
46591848.000000 
46767720.000000 
46941392.000000 
47120240.000000 
47295744.000000 
47478552.000000 
47656520.000000 
47843488.000000 
48025148.000000 
48216840.000000 
48402068.000000 
48598864.000000 
48788404.000000 
48989056.000000 
49184492.000000 
49389472.000000 
49589996.000000 
49799272.000000 
50004756.000000 
50217584.000000 
50428144.000000 
50643656.000000 
50858064.000000 
51075920.000000 
51293128.000000 
51511216.000000 
51729784.000000 
51947240.000000 
52165472.000000 
52380664.000000 
52597136.000000 
52807848.000000 
53020656.000000 
53224824.000000 
53431224.000000 
53626752.000000 
53824424.000000 
54008968.000000 
54195720.000000 
54366368.000000 
54538584.000000 
54693624.000000 
54847944.000000 
54985368.000000 
55120144.000000 
55237264.000000 
55349376.000000 
55444384.000000 
55531336.000000 
55601720.000000 
55661920.000000 
55705632.000000 
55736680.000000 
55752352.000000 
55752720.000000 
55738024.000000 
55706784.000000 
55661352.000000 
55597264.000000 
55520536.000000 
55422944.000000 
55314328.000000 
55183928.000000 
55043336.000000 
54879928.000000 
54708164.000000 
54512616.000000 
54310004.000000 
54083448.000000 
53850844.000000 
53595264.000000 
53334092.000000 
53051824.000000 
52763908.000000 
52457600.000000 
52145068.000000 
51816736.000000 
51482292.000000 
51134752.000000 
50781268.000000 
50417960.000000 
50048200.000000 
49671448.000000 
49289192.000000 
48902256.000000 
48509848.000000 
48116840.000000 
47718072.000000 
47321616.000000 
46920192.000000 
46523584.000000 
46122184.000000 
45729008.000000 
45330712.000000 
44943352.000000 
44551808.000000 
44173168.000000 
43790448.000000 
43422392.000000 
43052056.000000 
42696400.000000 
42341112.000000 
42000080.000000 
41661312.000000 
41336944.000000 
41016480.000000 
40709552.000000 
40409216.000000 
40120980.000000 
39841200.000000 
39572348.000000 
39313480.000000 
39064308.000000 
38826872.000000 
38597364.000000 
38381224.000000 
38172060.000000 
37976824.000000 
37786684.000000 
37611824.000000 
37440172.000000 
37284496.000000 
37130928.000000 
36993232.000000 
36856080.000000 
36735296.000000 
36612976.000000 
36506216.000000 
36398752.000000 
36304792.000000 
36210208.000000 
36127512.000000 
36044056.000000 
35970528.000000 
35897312.000000 
35831088.000000 
35765560.000000 
35705488.000000 
35646368.000000 
35589976.000000 
35535560.000000 
35481456.000000 
35429856.000000 
35376972.000000 
35326964.000000 
35273624.000000 
35224220.000000 
35169096.000000 
35118852.000000 
35061384.000000 
35009260.000000 
34948368.000000 
34893572.000000 
34828176.000000 
34769308.000000 
34699616.000000 
34635524.000000 
34561688.000000 
34492556.000000 
34414288.000000 
34339300.000000 
34256720.000000 
34175908.000000 
34088968.000000 
34002752.000000 
33911448.000000 
33819888.000000 
33725168.000000 
33628080.000000 
33529376.000000 
33427866.000000 
33326000.000000 
33220288.000000 
33116436.000000 
33007120.000000 
32901284.000000 
32789504.000000 
32682268.000000 
32567984.000000 
32460512.000000 
32345078.000000 
32237428.000000 
32121536.000000 
32013896.000000 
31898368.000000 
31791076.000000 
31677218.000000 
31570928.000000 
31459636.000000 
31354764.000000 
31246252.000000 
31143528.000000 
31038598.000000 
30938200.000000 
30837514.000000 
30739768.000000 
30643144.000000 
30548536.000000 
30456108.000000 
30364726.000000 
30277456.000000 
30189596.000000 
30107300.000000 
30023352.000000 
29945852.000000 
29865526.000000 
29793432.000000 
29716840.000000 
29649510.000000 
29577048.000000 
29514324.000000 
29445068.000000 
29386308.000000 
29321160.000000 
29265388.000000 
29204932.000000 
29152170.000000 
29095508.000000 
29045656.000000 
28992478.000000 
28944728.000000 
28895144.000000 
28849328.000000 
28802936.000000 
28758852.000000 
28714990.000000 
28671824.000000 
28630172.000000 
28587612.000000 
28548036.000000 
28506344.000000 
28468472.000000 
28426872.000000 
28390706.000000 
28348924.000000 
28313734.000000 
28272044.000000 
28237460.000000 
28195328.000000 
28161276.000000 
28118454.000000 
28083684.000000 
28041388.000000 
28005688.000000 
27963498.000000 
27927208.000000 
27884932.000000 
27847368.000000 
27805736.000000 
27767058.000000 
27725444.000000 
27686140.000000 
27644868.000000 
27604168.000000 
27563248.000000 
27521364.000000 
27480370.000000 
27437878.000000 
27397776.000000 
27354670.000000 
27315540.000000 
27271768.000000 
27233404.000000 
27189620.000000 
27152336.000000 
27108680.000000 
27072856.000000 
27029484.000000 
26994776.000000 
26952468.000000 
26918364.000000 
26877784.000000 
26845040.000000 
26806624.000000 
26774998.000000 
26739404.000000 
26709098.000000 
26676402.000000 
26648106.000000 
26618336.000000 
26591908.000000 
26565922.000000 
26541320.000000 
26518668.000000 
26496848.000000 
26477652.000000 
26458332.000000 
26443660.000000 
26427020.000000 
26416220.000000 
26402844.000000 
26396268.000000 
26385860.000000 
26383734.000000 
26376672.000000 
26378740.000000 
26374976.000000 
26380756.000000 
26380278.000000 
26389406.000000 
26393196.000000 
26405412.000000 
26413566.000000 
26428748.000000 
26440724.000000 
26458732.000000 
26474604.000000 
26495086.000000 
26515040.000000 
26537742.000000 
26561260.000000 
26586216.000000 
26612596.000000 
26639298.000000 
26668994.000000 
26697280.000000 
26729788.000000 
26759708.000000 
26794868.000000 
26826068.000000 
26863756.000000 
26895936.000000 
26935428.000000 
26968936.000000 
27010056.000000 
27044004.000000 
27086336.000000 
27121064.000000 
27163460.000000 
27199884.000000 
27242336.000000 
27279460.000000 
27321932.000000 
27359856.000000 
27401872.000000 
27440844.000000 
27482292.000000 
27521852.000000 
27562564.000000 
27602264.000000 
27641712.000000 
27681612.000000 
27719868.000000 
27759900.000000 
27797356.000000 
27837390.000000 
27873308.000000 
27913568.000000 
27948022.000000 
27987916.000000 
28021340.000000 
28060964.000000 
28093236.000000 
28132772.000000 
28163608.000000 
28201920.000000 
28232560.000000 
28269308.000000 
28299656.000000 
28335592.000000 
28365848.000000 
28400482.000000 
28431088.000000 
28464508.000000 
28495028.000000 
28527794.000000 
28558786.000000 
28590552.000000 
28622168.000000 
28653092.000000 
28685164.000000 
28715924.000000 
28748942.000000 
28779498.000000 
28813988.000000 
28844698.000000 
28880544.000000 
28912040.000000 
28949728.000000 
28982208.000000 
29022132.000000 
29055744.000000 
29097804.000000 
29133332.000000 
29177248.000000 
29215916.000000 
29262416.000000 
29304494.000000 
29353800.000000 
29399908.000000 
29452040.000000 
29502352.000000 
29558264.000000 
29613488.000000 
29673216.000000 
29734068.000000 
29797704.000000 
29863788.000000 
29931916.000000 
30003744.000000 
30076608.000000 
30155026.000000 
30233072.000000 
30317716.000000 
30401292.000000 
30492440.000000 
30581278.000000 
30679244.000000 
30773734.000000 
30878056.000000 
30978414.000000 
31088856.000000 
31194696.000000 
31310520.000000 
31422572.000000 
31543522.000000 
31661478.000000 
31786942.000000 
31910310.000000 
32040194.000000 
32168412.000000 
32301772.000000 
32434502.000000 
32570392.000000 
32706842.000000 
32844788.000000 
32983476.000000 
33122440.000000 
33263216.000000 
33402192.000000 
33543936.000000 
33682128.000000 
33823504.000000 
33959584.000000 
34099904.000000 
34232904.000000 
34370648.000000 
34500076.000000 
34633916.000000 
34758112.000000 
34886884.000000 
35005136.000000 
35126804.000000 
35239120.000000 
35353232.000000 
35458004.000000 
35563664.000000 
35660276.000000 
35756144.000000 
35844276.000000 
35929640.000000 
36008276.000000 
36083072.000000 
36151860.000000 
36215232.000000 
36273776.000000 
36325828.000000 
36373896.000000 
36414692.000000 
36452680.000000 
36482164.000000 
36510728.000000 
36529484.000000 
36548608.000000 
36557676.000000 
36568096.000000 
36568004.000000 
36570800.000000 
36562464.000000 
36557936.000000 
36543520.000000 
36532632.000000 
36513456.000000 
36498088.000000 
36475680.000000 
36456588.000000 
36432804.000000 
36411816.000000 
36388120.000000 
36367132.000000 
36345240.000000 
36325516.000000 
36307240.000000 
36290180.000000 
36276372.000000 
36264140.000000 
36256908.000000 
36250640.000000 
36251368.000000 
36252308.000000 
36261952.000000 
36271516.000000 
36290952.000000 
36309944.000000 
36340272.000000 
36369344.000000 
36410488.000000 
36450176.000000 
36501920.000000 
36552636.000000 
36614864.000000 
36676564.000000 
36748736.000000 
36821180.000000 
36902344.000000 
36984484.000000 
37073996.000000 
37164448.000000 
37260584.000000 
37358468.000000 
37459340.000000 
37562180.000000 
37666376.000000 
37772376.000000 
37877628.000000 
37985284.000000 
38089344.000000 
38195528.000000 
38296408.000000 
38399056.000000 
38493888.000000 
38590584.000000 
38677160.000000 
38765120.000000 
38841184.000000 
38917744.000000 
38980664.000000 
39042920.000000 
39091208.000000 
39137080.000000 
39168952.000000 
39196296.000000 
39209540.000000 
39216632.000000 
39209692.000000 
39194928.000000 
39166856.000000 
39128928.000000 
39078552.000000 
39016984.000000 
38943192.000000 
38857104.000000 
38760180.000000 
38649260.000000 
38529096.000000 
38394360.000000 
38251204.000000 
38092768.000000 
37927684.000000 
37746600.000000 
37560324.000000 
37358328.000000 
37152204.000000 
36930352.000000 
36706396.000000 
36466848.000000 
36225856.000000 
35971716.000000 
35715984.000000 
35448896.000000 
35180860.000000 
34903464.000000 
34625316.000000 
34340424.000000 
34054704.000000 
33764572.000000 
33474028.000000 
33181268.000000 
32887896.000000 
32594872.000000 
32301172.000000 
32010212.000000 
31719124.000000 
31432662.000000 
31146052.000000 
30866388.000000 
30586268.000000 
30315016.000000 
30043648.000000 
29782600.000000 
29521496.000000 
29272500.000000 
29022788.000000 
28786172.000000 
28549900.000000 
28326314.000000 
28104326.000000 
27895086.000000 
27688168.000000 
27493200.000000 
27302194.000000 
27121904.000000 
26946476.000000 
26780990.000000 
26621086.000000 
26469856.000000 
26325610.000000 
26188192.000000 
26058320.000000 
25934468.000000 
25818836.000000 
25707452.000000 
25605096.000000 
25505428.000000 
25415304.000000 
25326668.000000 
25247660.000000 
25168680.000000 
25099838.000000 
25029440.000000 
24969248.000000 
24906308.000000 
24852976.000000 
24796712.000000 
24749162.000000 
24698740.000000 
24655584.000000 
24610006.000000 
24569996.000000 
24527966.000000 
24490348.000000 
24450948.000000 
24414264.000000 
24376992.000000 
24340446.000000 
24303900.000000 
24266960.000000 
24230072.000000 
24191696.000000 
24154652.000000 
24114516.000000 
24076438.000000 
24034246.000000 
23994720.000000 
23949820.000000 
23908526.000000 
23860756.000000 
23817448.000000 
23767080.000000 
23721454.000000 
23668140.000000 
23619808.000000 
23564254.000000 
23512968.000000 
23455688.000000 
23401640.000000 
23342420.000000 
23285980.000000 
23225272.000000 
23166440.000000 
23104734.000000 
23043852.000000 
22981368.000000 
22918766.000000 
22855416.000000 
22791350.000000 
22727924.000000 
22662700.000000 
22599428.000000 
22533796.000000 
22470936.000000 
22404804.000000 
22342804.000000 
22276636.000000 
22215692.000000 
22150154.000000 
22090364.000000 
22025368.000000 
21967052.000000 
21902756.000000 
21845058.000000 
21782806.000000 
21726196.000000 
21665680.000000 
21610452.000000 
21552030.000000 
21497902.000000 
21441732.000000 
21388724.000000 
21334690.000000 
21283096.000000 
21231336.000000 
21180710.000000 
21130930.000000 
21081260.000000 
21033452.000000 
20984934.000000 
20939158.000000 
20891404.000000 
20847612.000000 
20800692.000000 
20758528.000000 
20712540.000000 
20671764.000000 
20626344.000000 
20586992.000000 
20541992.000000 
20503348.000000 
20459140.000000 
20420560.000000 
20377216.000000 
20339040.000000 
20296458.000000 
20258132.000000 
20216468.000000 
20177868.000000 
20136868.000000 
20098154.000000 
20057652.000000 
20018524.000000 
19978878.000000 
19939080.000000 
19899508.000000 
19859258.000000 
19820208.000000 
19779428.000000 
19741014.000000 
19699698.000000 
19661738.000000 
19620184.000000 
19582552.000000 
19540504.000000 
19503524.000000 
19461268.000000 
19424790.000000 
19382524.000000 
19346094.000000 
19304184.000000 
19267948.000000 
19226892.000000 
19190716.000000 
19150848.000000 
19114836.000000 
19076232.000000 
19040940.000000 
19003680.000000 
18968920.000000 
18933494.000000 
18899352.000000 
18865724.000000 
18832636.000000 
18800726.000000 
18768834.000000 
18739380.000000 
18708764.000000 
18681674.000000 
18652944.000000 
18628348.000000 
18601356.000000 
18579744.000000 
18554824.000000 
18535988.000000 
18513610.000000 
18497808.000000 
18477588.000000 
18464352.000000 
18447184.000000 
18436508.000000 
18422876.000000 
18414832.000000 
18404554.000000 
18399374.000000 
18392468.000000 
18389788.000000 
18386584.000000 
18386400.000000 
18386778.000000 
18389224.000000 
18392740.000000 
18397456.000000 
18404336.000000 
18411220.000000 
18421164.000000 
18430364.000000 
18443132.000000 
18454274.000000 
18470048.000000 
18482878.000000 
18501128.000000 
18515800.000000 
18535986.000000 
18551916.000000 
18574224.000000 
18591240.000000 
18614202.000000 
18632944.000000 
18656588.000000 
18676450.000000 
18700630.000000 
18721348.000000 
18745552.000000 
18767244.000000 
18791180.000000 
18813344.000000 
18837114.000000 
18859752.000000 
18882482.000000 
18905180.000000 
18927004.000000 
18949480.000000 
18970492.000000 
18992946.000000 
19012896.000000 
19035312.000000 
19054058.000000 
19076160.000000 
19093994.000000 
19115832.000000 
19132658.000000 
19154360.000000 
19170388.000000 
19191604.000000 
19207276.000000 
19227660.000000 
19243440.000000 
19263564.000000 
19279548.000000 
19299516.000000 
19316350.000000 
19336166.000000 
19353988.000000 
19374160.000000 
19393160.000000 
19413804.000000 
19434648.000000 
19456020.000000 
19478228.000000 
19500872.000000 
19525264.000000 
19549178.000000 
19576232.000000 
19601720.000000 
19631386.000000 
19659044.000000 
19691398.000000 
19721156.000000 
19756668.000000 
19788794.000000 
19827188.000000 
19861772.000000 
19902856.000000 
19940106.000000 
19983676.000000 
20024114.000000 
20069996.000000 
20113484.000000 
20161576.000000 
20207936.000000 
20258144.000000 
20307132.000000 
20359030.000000 
20410636.000000 
20463908.000000 
20517652.000000 
20572006.000000 
20626980.000000 
20681916.000000 
20738524.000000 
20793598.000000 
20851040.000000 
20906124.000000 
20963924.000000 
21018324.000000 
21076220.000000 
21129524.000000 
21186748.000000 
21238858.000000 
21294900.000000 
21344960.000000 
21399148.000000 
21447270.000000 
21498860.000000 
21545236.000000 
21593970.000000 
21637800.000000 
21683488.000000 
21724902.000000 
21767178.000000 
21806092.000000 
21844760.000000 
21880878.000000 
21916114.000000 
21949376.000000 
21980864.000000 
22011432.000000 
22039454.000000 
22067538.000000 
22092532.000000 
22118264.000000 
22140300.000000 
22164276.000000 
22183766.000000 
22206046.000000 
22223720.000000 
22244868.000000 
22261134.000000 
22281846.000000 
22297036.000000 
22316932.000000 
22332512.000000 
22352388.000000 
22368884.000000 
22389574.000000 
22407504.000000 
22429260.000000 
22449636.000000 
22473134.000000 
22496130.000000 
22522080.000000 
22548572.000000 
22577136.000000 
22607506.000000 
22639248.000000 
22673796.000000 
22709432.000000 
22748588.000000 
22788144.000000 
22832312.000000 
22876036.000000 
22925190.000000 
22973406.000000 
23027612.000000 
23080160.000000 
23139340.000000 
23196144.000000 
23259876.000000 
23320832.000000 
23388184.000000 
23453450.000000 
23524410.000000 
23593318.000000 
23667184.000000 
23739476.000000 
23815388.000000 
23890128.000000 
23967732.000000 
24044260.000000 
24122546.000000 
24200508.000000 
24278388.000000 
24356134.000000 
24433142.000000 
24510024.000000 
24585028.000000 
24660612.000000 
24732768.000000 
24805830.000000 
24874392.000000 
24943936.000000 
25007794.000000 
25073144.000000 
25131744.000000 
25191772.000000 
25244324.000000 
25298132.000000 
25343852.000000 
25390490.000000 
25429396.000000 
25468084.000000 
25499396.000000 
25529576.000000 
25552812.000000 
25574212.000000 
25589042.000000 
25600988.000000 
25607140.000000 
25609464.000000 
25606632.000000 
25599004.000000 
25586672.000000 
25569090.000000 
25547760.000000 
25520122.000000 
25489560.000000 
25452168.000000 
25412184.000000 
25364932.000000 
25316178.000000 
25259210.000000 
25201554.000000 
25135560.000000 
25069146.000000 
24993982.000000 
24919104.000000 
24835508.000000 
24751848.000000 
24660752.000000 
24569112.000000 
24470632.000000 
24371416.000000 
24266060.000000 
24159568.000000 
24047992.000000 
23934656.000000 
23817230.000000 
23697714.000000 
23575024.000000 
23449636.000000 
23322078.000000 
23191444.000000 
23059764.000000 
22924496.000000 
22789208.000000 
22649888.000000 
22511606.000000 
22368904.000000 
22228136.000000 
22082714.000000 
21939952.000000 
21792384.000000 
21648352.000000 
21499064.000000 
21353740.000000 
21204146.000000 
21058028.000000 
20908544.000000 
20762532.000000 
20613628.000000 
20467808.000000 
20320328.000000 
20175352.000000 
20029632.000000 
19886250.000000 
19742920.000000 
19601232.000000 
19460748.000000 
19321182.000000 
19183676.000000 
19046994.000000 
18913094.000000 
18779412.000000 
18649530.000000 
18519248.000000 
18393552.000000 
18267030.000000 
18145740.000000 
18023148.000000 
17906580.000000 
17788226.000000 
17676276.000000 
17562344.000000 
17454640.000000 
17345592.000000 
17242488.000000 
17138330.000000 
17039672.000000 
16940620.000000 
16846228.000000 
16752107.000000 
16662039.000000 
16572731.000000 
16486764.000000 
16402487.000000 
16320227.000000 
16240210.000000 
16162018.000000 
16086282.000000 
16011532.000000 
15940156.000000 
15868791.000000 
15801164.000000 
15733031.000000 
15668999.000000 
15603712.000000 
15543166.000000 
15480543.000000 
15422941.000000 
15362870.000000 
15307874.000000 
15249888.000000 
15196964.000000 
15141403.000000 
15090220.000000 
15036903.000000 
14987229.000000 
14935814.000000 
14887436.000000 
14837695.000000 
14790292.000000 
14742293.000000 
14695641.000000 
14649178.000000 
14603168.000000 
14557603.000000 
14512056.000000 
14467699.000000 
14422472.000000 
14379152.000000 
14334397.000000 
14291879.000000 
14247277.000000 
14205744.000000 
14161361.000000 
14120488.000000 
14076565.000000 
14036308.000000 
13992519.000000 
13952856.000000 
13909446.000000 
13869902.000000 
13827449.000000 
13788145.000000 
13746232.000000 
13707219.000000 
13666001.000000 
13627193.000000 
13586997.000000 
13548404.000000 
13509069.000000 
13470841.000000 
13432390.000000 
13394193.000000 
13356591.000000 
13318679.000000 
13282028.000000 
13244505.000000 
13208733.000000 
13171568.000000 
13136847.000000 
13099899.000000 
13065986.000000 
13029522.000000 
12996403.000000 
12960269.000000 
12928038.000000 
12892133.000000 
12860227.000000 
12825051.000000 
12793267.000000 
12758720.000000 
12727264.000000 
12693196.000000 
12661803.000000 
12628487.000000 
12596939.000000 
12564022.000000 
12532572.000000 
12500071.000000 
12468203.000000 
12436226.000000 
12403925.000000 
12371963.000000 
12339427.000000 
12307732.000000 
12274670.000000 
12243237.000000 
12209606.000000 
12178160.000000 
12144179.000000 
12112730.000000 
12078225.000000 
12046825.000000 
12011810.000000 
11980151.000000 
11944669.000000 
11912453.000000 
11876825.000000 
11844219.000000 
11808600.000000 
11775537.000000 
11739953.000000 
11706406.000000 
11670896.000000 
11636984.000000 
11601599.000000 
11567325.000000 
11532498.000000 
11497836.000000 
11463223.000000 
11428540.000000 
11394273.000000 
11359390.000000 
11325884.000000 
11291164.000000 
11258358.000000 
11223977.000000 
11191941.000000 
11157853.000000 
11126943.000000 
11093338.000000 
11063400.000000 
11030685.000000 
11001832.000000 
10969902.000000 
10941968.000000 
10911459.000000 
10884559.000000 
10855617.000000 
10829795.000000 
10802471.000000 
10777935.000000 
10752367.000000 
10729078.000000 
10705424.000000 
10683463.000000 
10661838.000000 
10641214.000000 
10621437.000000 
10602213.000000 
10584587.000000 
10566857.000000 
10551354.000000 
10535311.000000 
10521787.000000 
10507231.000000 
10495918.000000 
10482897.000000 
10473635.000000 
10462419.000000 
10455028.000000 
10445435.000000 
10440071.000000 
10431999.000000 
10427954.000000 
10421973.000000 
10419414.000000 
10415196.000000 
10414161.000000 
10411793.000000 
10411911.000000 
10411360.000000 
10412593.000000 
10413642.000000 
10416079.000000 
10418745.000000 
10421984.000000 
10425997.000000 
10430103.000000 
10435459.000000 
10440367.000000 
10446872.000000 
10452396.000000 
10460166.000000 
10466204.000000 
10474887.000000 
10481482.000000 
10491009.000000 
10497956.000000 
10508199.000000 
10515273.000000 
10525872.000000 
10533449.000000 
10544048.000000 
10552145.000000 
10562890.000000 
10571201.000000 
10581768.000000 
10590491.000000 
10600655.000000 
10609593.000000 
10619585.000000 
10628654.000000 
10638023.000000 
10647262.000000 
10656034.000000 
10664951.000000 
10673217.000000 
10682021.000000 
10689551.000000 
10698358.000000 
10705155.000000 
10713573.000000 
10719735.000000 
10727765.000000 
10733089.000000 
10740796.000000 
10745366.000000 
10752608.000000 
10756419.000000 
10762869.000000 
10766118.000000 
10771771.000000 
10774560.000000 
10779464.000000 
10781912.000000 
10785952.000000 
10788028.000000 
10791360.000000 
10793098.000000 
10795593.000000 
10797300.000000 
10798976.000000 
10800388.000000 
10801535.000000 
10802732.000000 
10803260.000000 
10804672.000000 
10804748.000000 
10806229.000000 
10806065.000000 
10807669.000000 
10807272.000000 
10809331.000000 
10808927.000000 
10811313.000000 
10811154.000000 
10813932.000000 
10813902.000000 
10817076.000000 
10817776.000000 
10821326.000000 
10823014.000000 
10827079.000000 
10829698.000000 
10834566.000000 
10838282.000000 
10843783.000000 
10848837.000000 
10855268.000000 
10861735.000000 
10869128.000000 
10877059.000000 
10885473.000000 
10895018.000000 
10904527.000000 
10915774.000000 
10926674.000000 
10939682.000000 
10951912.000000 
10966855.000000 
10980532.000000 
10997391.000000 
11012788.000000 
11031540.000000 
11048513.000000 
11069317.000000 
11088061.000000 
11110543.000000 
11131562.000000 
11155904.000000 
11179086.000000 
11205371.000000 
11230777.000000 
11258908.000000 
11286840.000000 
11316841.000000 
11347107.000000 
11379244.000000 
11412053.000000 
11446016.000000 
11481318.000000 
11517346.000000 
11555062.000000 
11593215.000000 
11633577.000000 
11673807.000000 
11716767.000000 
11759145.000000 
11804554.000000 
11849122.000000 
11897003.000000 
11943788.000000 
11994208.000000 
12043070.000000 
12095754.000000 
12146849.000000 
12201468.000000 
12254888.000000 
12311608.000000 
12367239.000000 
12425746.000000 
12483668.000000 
12543850.000000 
12603745.000000 
12665580.000000 
12727345.000000 
12790426.000000 
12853995.000000 
12918065.000000 
12982954.000000 
13048057.000000 
13114188.000000 
13179847.000000 
13246985.000000 
13312970.000000 
13380601.000000 
13446722.000000 
13514562.000000 
13580284.000000 
13648021.000000 
13713037.000000 
13780009.000000 
13843844.000000 
13909492.000000 
13971806.000000 
14035554.000000 
14096014.000000 
14157308.000000 
14215420.000000 
14273596.000000 
14328678.000000 
14383224.000000 
14434713.000000 
14484944.000000 
14532377.000000 
14577640.000000 
14620242.000000 
14660009.000000 
14697038.000000 
14730579.000000 
14761669.000000 
14788485.000000 
14812955.000000 
14832534.000000 
14849851.000000 
14861635.000000 
14871325.000000 
14874806.000000 
14876325.000000 
14871233.000000 
14864137.000000 
14850069.000000 
14833950.000000 
14810867.000000 
14785369.000000 
14753288.000000 
14718274.000000 
14676942.000000 
14632484.000000 
14582003.000000 
14528097.000000 
14468736.000000 
14405537.000000 
14337486.000000 
14265294.000000 
14188731.000000 
14107926.000000 
14023407.000000 
13934432.000000 
13842570.000000 
13746186.000000 
13647469.000000 
13544214.000000 
13439430.000000 
13330041.000000 
13219912.000000 
13105346.000000 
12990650.000000 
12871712.000000 
12753348.000000 
12630886.000000 
12509351.000000 
12384666.000000 
12260917.000000 
12134763.000000 
12009901.000000 
11883176.000000 
11757915.000000 
11631693.000000 
11506792.000000 
11381749.000000 
11258197.000000 
11135186.000000 
11013533.000000 
10893294.000000 
10774344.000000 
10657459.000000 
10541902.000000 
10429058.000000 
10317340.000000 
10209118.000000 
10101708.000000 
9998377.000000 
9895869.000000 
9797736.000000 
9700287.000000 
9607697.000000 
9515584.000000 
9428414.000000 
9341818.000000 
9260056.000000 
9179217.000000 
9103058.000000 
9027860.000000 
8957022.000000 
8887546.000000 
8821894.000000 
8757832.000000 
8697280.000000 
8638505.000000 
8582707.000000 
8529017.000000 
8477570.000000 
8428454.000000 
8381280.000000 
8336527.000000 
8293111.000000 
8252494.000000 
8212575.000000 
8175592.000000 
8138900.000000 
8105117.000000 
8071176.000000 
8040422.000000 
8008912.000000 
7980582.000000 
7951240.000000 
7924990.000000 
7897526.000000 
7872872.000000 
7847167.000000 
7823861.000000 
7799613.000000 
7777316.000000 
7754299.000000 
7732876.000000 
7710831.000000 
7689972.000000 
7668861.000000 
7648322.000000 
7627807.000000 
7607493.000000 
7587404.000000 
7567168.000000 
7547568.000000 
7527335.000000 
7508032.000000 
7487795.000000 
7468725.000000 
7448340.000000 
7429556.000000 
7409034.000000 
7390333.000000 
7369816.000000 
7351132.000000 
7330427.000000 
7311844.000000 
7291143.000000 
7272324.000000 
7251901.000000 
7232932.000000 
7212550.000000 
7193597.000000 
7173359.000000 
7154166.000000 
7134177.000000 
7114811.000000 
7094966.000000 
7075457.000000 
7055715.000000 
7035900.000000 
7016313.000000 
6996268.000000 
6976736.000000 
6956472.000000 
6936978.000000 
6916332.000000 
6896902.000000 
6875920.000000 
6856342.000000 
6835050.000000 
6815242.000000 
6793471.000000 
6773391.000000 
6751060.000000 
6730422.000000 
6707794.000000 
6686494.000000 
6663409.000000 
6641466.000000 
6617796.000000 
6595007.000000 
6570834.000000 
6547153.000000 
6522372.000000 
6497804.000000 
6472356.000000 
6446700.000000 
6420615.000000 
6393860.000000 
6366922.000000 
6339164.000000 
6311523.000000 
6282701.000000 
6254412.000000 
6224476.000000 
6195386.000000 
6164552.000000 
6134760.000000 
6102994.000000 
6072548.000000 
6039952.000000 
6008821.000000 
5975590.000000 
5943723.000000 
5910057.000000 
5877694.000000 
5843673.000000 
5810828.000000 
5776766.000000 
5743558.000000 
5709489.000000 
5676185.000000 
5642270.000000 
5608937.000000 
5575482.000000 
5542188.000000 
5509192.000000 
5476314.000000 
5444019.000000 
5411651.000000 
5380355.000000 
5348656.000000 
5318408.000000 
5287678.000000 
5258647.000000 
5228984.000000 
5201480.000000 
5173073.000000 
5147051.000000 
5120137.000000 
5095672.000000 
5070321.000000 
5047531.000000 
5024096.000000 
5003028.000000 
4981598.000000 
4962320.000000 
4942955.000000 
4925568.000000 
4908331.000000 
4892772.000000 
4877789.000000 
4864116.000000 
4851315.000000 
4839544.000000 
4828864.000000 
4818977.000000 
4810491.000000 
4802422.000000 
4795989.000000 
4789747.000000 
4785313.000000 
4780750.000000 
4778257.000000 
4775247.000000 
4774463.000000 
4773011.000000 
4773767.000000 
4773643.000000 
4775833.000000 
4776949.000000 
4780201.000000 
4782666.000000 
4786887.000000 
4790284.000000 
4795264.000000 
4799527.000000 
4804971.000000 
4810013.000000 
4815769.000000 
4821278.000000 
4827187.000000 
4832967.000000 
4838731.000000 
4844604.000000 
4850092.000000 
4855906.000000 
4861029.000000 
4866608.000000 
4871082.000000 
4876301.000000 
4880080.000000 
4884699.000000 
4887670.000000 
4891545.000000 
4893614.000000 
4896738.000000 
4897753.000000 
4899856.000000 
4899965.000000 
4900910.000000 
4900058.000000 
4899920.000000 
4898109.000000 
4896748.000000 
4894093.000000 
4891547.000000 
4887948.000000 
4884372.000000 
4879921.000000 
4875228.000000 
4870073.000000 
4864377.000000 
4858468.000000 
4851997.000000 
4845599.000000 
4838323.000000 
4831545.000000 
4823691.000000 
4816593.000000 
4808344.000000 
4801135.000000 
4792616.000000 
4785450.000000 
4776806.000000 
4769717.000000 
4761199.000000 
4754228.000000 
4746080.000000 
4739455.000000 
4731839.000000 
4725591.000000 
4718644.000000 
4712874.000000 
4706696.000000 
4701534.000000 
4696221.000000 
4691682.000000 
4687370.000000 
4683461.000000 
4680078.000000 
4676945.000000 
4674431.000000 
4672007.000000 
4670511.000000 
4668727.000000 
4668080.000000 
4667006.000000 
4667145.000000 
4666619.000000 
4667497.000000 
4667416.000000 
4668822.000000 
4669125.000000 
4670898.000000 
4671410.000000 
4673345.000000 
4674057.000000 
4675897.000000 
4676686.000000 
4678288.000000 
4678879.000000 
4680131.000000 
4680455.000000 
4681119.000000 
4681054.000000 
4680943.000000 
4680371.000000 
4679397.000000 
4678036.000000 
4676119.000000 
4674034.000000 
4671095.000000 
4668165.000000 
4664198.000000 
4660398.000000 
4655297.000000 
4650663.000000 
4644546.000000 
4639120.000000 
4632136.000000 
4625977.000000 
4618181.000000 
4611408.000000 
4603032.000000 
4595683.000000 
4587118.000000 
4579483.000000 
4570852.000000 
4563248.000000 
4554943.000000 
4547567.000000 
4539948.000000 
4533190.000000 
4526551.000000 
4520785.000000 
4515528.000000 
4511075.000000 
4507657.000000 
4504994.000000 
4503747.000000 
4503271.000000 
4504596.000000 
4506683.000000 
4511042.000000 
4516117.000000 
4523806.000000 
4532297.000000 
4543637.000000 
4555827.000000 
4571175.000000 
4587296.000000 
4606760.000000 
4627246.000000 
4651043.000000 
4676067.000000 
4704369.000000 
4734043.000000 
4766832.000000 
4801239.000000 
4838517.000000 
4877599.000000 
4919331.000000 
4962957.000000 
5008899.000000 
5056927.000000 
5106813.000000 
5158776.000000 
5212397.000000 
5268022.000000 
5324869.000000 
5383746.000000 
5443281.000000 
5504760.000000 
5566548.000000 
5630037.000000 
5693295.000000 
5758146.000000 
5822274.000000 
5887695.000000 
5951962.000000 
6017095.000000 
6080720.000000 
6144764.000000 
6207004.000000 
6269102.000000 
6329146.000000 
6388434.000000 
6445495.000000 
6501245.000000 
6554466.000000 
6605830.000000 
6654552.000000 
6700704.000000 
6744097.000000 
6784459.000000 
6821849.000000 
6855755.000000 
6886639.000000 
6913511.000000 
6937309.000000 
6956755.000000 
6973045.000000 
6984675.000000 
6993221.000000 
6996790.000000 
6997301.000000 
6992739.000000 
6985113.000000 
6972287.000000 
6956511.000000 
6935660.000000 
6911801.000000 
6883151.000000 
6851456.000000 
6815289.000000 
6776120.000000 
6732833.000000 
6686571.000000 
6636724.000000 
6583959.000000 
6528032.000000 
6469394.000000 
6408030.000000 
6344142.000000 
6278092.000000 
6209655.000000 
6139646.000000 
6067479.000000 
5994280.000000 
5919102.000000 
5843530.000000 
5766203.000000 
5688994.000000 
5610333.000000 
5532215.000000 
5452911.000000 
5374678.000000 
5295542.000000 
5217760.000000 
5139644.000000 
5063016.000000 
4986464.000000 
4911624.000000 
4837259.000000 
4764715.000000 
4693094.000000 
4623324.000000 
4554888.000000 
4488367.000000 
4423466.000000 
4360411.000000 
4299324.000000 
4240049.000000 
4182967.000000 
4127694.000000 
4074817.000000 
4023615.000000 
3975034.000000 
3927936.000000 
3883564.000000 
3840587.000000 
3800414.000000 
3761436.000000 
3725383.000000 
3690279.000000 
3657997.000000 
3626638.000000 
3597945.000000 
3570135.000000 
3544782.000000 
3520273.000000 
3497950.000000 
3476501.000000 
3456940.000000 
3438247.000000 
3421124.000000 
3404830.000000 
3389801.000000 
3375677.000000 
3362387.000000 
3350021.000000 
3338275.000000 
3327425.000000 
3316850.000000 
3307247.000000 
3297572.000000 
3288856.000000 
3279925.000000 
3271916.000000 
3263378.000000 
3255843.000000 
3247560.000000 
3240232.000000 
3232057.000000 
3224705.000000 
3216499.000000 
3209018.000000 
3200687.000000 
3192950.000000 
3184489.000000 
3176370.000000 
3167635.000000 
3159153.000000 
3150119.000000 
3141157.000000 
3131833.000000 
3122397.000000 
3112764.000000 
3102898.000000 
3092929.000000 
3082619.000000 
3072408.000000 
3061694.000000 
3051239.000000 
3040207.000000 
3029571.000000 
3018259.000000 
3007518.000000 
2995949.000000 
2985071.000000 
2973376.000000 
2962398.000000 
2950576.000000 
2939558.000000 
2927750.000000 
2916651.000000 
2904898.000000 
2893754.000000 
2882089.000000 
2870950.000000 
2859409.000000 
2848281.000000 
2836903.000000 
2825777.000000 
2814540.000000 
2803418.000000 
2792271.000000 
2781108.000000 
2770111.000000 
2758907.000000 
2748002.000000 
2736777.000000 
2725935.000000 
2714630.000000 
2703841.000000 
2692409.000000 
2681573.000000 
2670042.000000 
2659128.000000 
2647425.000000 
2636416.000000 
2624495.000000 
2613245.000000 
2601187.000000 
2589669.000000 
2577427.000000 
2565612.000000 
2553157.000000 
2541026.000000 
2528358.000000 
2515835.000000 
2502899.000000 
2490028.000000 
2476833.000000 
2463533.000000 
2450089.000000 
2436382.000000 
2422659.000000 
2408592.000000 
2394637.000000 
2380195.000000 
2366037.000000 
2351276.000000 
2336921.000000 
2321892.000000 
2307342.000000 
2292106.000000 
2277437.000000 
2261975.000000 
2247192.000000 
2231636.000000 
2216736.000000 
2201217.000000 
2186302.000000 
2170832.000000 
2155908.000000 
2140629.000000 
2125778.000000 
2110697.000000 
2096035.000000 
2081240.000000 
2066757.000000 
2052384.000000 
2038152.000000 
2024120.000000 
2010256.000000 
1996718.000000 
1983224.000000 
1970282.000000 
1957247.000000 
1944907.000000 
1932417.000000 
1920709.000000 
1908773.000000 
1897774.000000 
1886470.000000 
1876144.000000 
1865532.000000 
1855886.000000 
1845959.000000 
1837038.000000 
1827889.000000 
1819668.000000 
1811325.000000 
1803757.000000 
1796208.000000 
1789386.000000 
1782614.000000 
1776466.000000 
1770486.000000 
1764965.000000 
1759739.000000 
1754858.000000 
1750308.000000 
1746024.000000 
1742227.000000 
1738462.000000 
1735291.000000 
1732096.000000 
1729517.000000 
1726774.000000 
1724771.000000 
1722452.000000 
1720922.000000 
1719039.000000 
1717937.000000 
1716352.000000 
1715567.000000 
1714315.000000 
1713749.000000 
1712814.000000 
1712461.000000 
1711744.000000 
1711523.000000 
1711005.000000 
1710828.000000 
1710466.000000 
1710293.000000 
1710010.000000 
1709838.000000 
1709584.000000 
1709282.000000 
1709041.000000 
1708612.000000 
1708326.000000 
1707751.000000 
1707391.000000 
1706634.000000 
1706198.000000 
1705224.000000 
1704644.000000 
1703483.000000 
1702734.000000 
1701354.000000 
1700431.000000 
1698794.000000 
1697626.000000 
1695851.000000 
1694433.000000 
1692465.000000 
1690862.000000 
1688722.000000 
1686844.000000 
1684591.000000 
1682496.000000 
1680113.000000 
1677841.000000 
1675371.000000 
1672866.000000 
1670317.000000 
1667645.000000 
1665010.000000 
1662214.000000 
1659551.000000 
1656637.000000 
1653999.000000 
1651010.000000 
1648396.000000 
1645371.000000 
1642775.000000 
1639740.000000 
1637216.000000 
1634190.000000 
1631739.000000 
1628776.000000 
1626335.000000 
1623481.000000 
1621132.000000 
1618382.000000 
1616056.000000 
1613474.000000 
1611217.000000 
1608733.000000 
1606547.000000 
1604194.000000 
1602039.000000 
1599854.000000 
1597695.000000 
1595571.000000 
1593449.000000 
1591421.000000 
1589281.000000 
1587364.000000 
1585186.000000 
1583297.000000 
1581093.000000 
1579241.000000 
1576959.000000 
1575095.000000 
1572735.000000 
1570822.000000 
1568372.000000 
1566358.000000 
1563783.000000 
1561633.000000 
1558984.000000 
1556661.000000 
1553921.000000 
1551427.000000 
1548597.000000 
1545946.000000 
1542988.000000 
1540150.000000 
1537124.000000 
1534116.000000 
1530999.000000 
1527851.000000 
1524676.000000 
1521412.000000 
1518241.000000 
1514875.000000 
1511701.000000 
1508328.000000 
1505249.000000 
1501905.000000 
1498970.000000 
1495721.000000 
1492974.000000 
1489922.000000 
1487434.000000 
1484617.000000 
1482444.000000 
1480034.000000 
1478236.000000 
1476325.000000 
1475009.000000 
1473658.000000 
1472911.000000 
1472227.000000 
1472152.000000 
1472255.000000 
1472923.000000 
1473884.000000 
1475360.000000 
1477260.000000 
1479625.000000 
1482524.000000 
1485883.000000 
1489892.000000 
1494280.000000 
1499411.000000 
1504896.000000 
1511233.000000 
1517831.000000 
1525359.000000 
1533145.000000 
1541863.000000 
1550795.000000 
1560727.000000 
1570776.000000 
1581809.000000 
1593015.000000 
1605108.000000 
1617401.000000 
1630531.000000 
1643800.000000 
1657824.000000 
1672049.000000 
1686859.000000 
1701869.000000 
1717354.000000 
1733036.000000 
1749014.000000 
1765204.000000 
1781543.000000 
1798049.000000 
1814572.000000 
1831254.000000 
1847767.000000 
1864410.000000 
1880714.000000 
1897136.000000 
1913069.000000 
1929032.000000 
1944355.000000 
1959703.000000 
1974244.000000 
1988681.000000 
2002233.000000 
2015600.000000 
2028006.000000 
2040105.000000 
2051192.000000 
2061849.000000 
2071468.000000 
2080496.000000 
2088479.000000 
2095760.000000 
2101987.000000 
2107370.000000 
2111757.000000 
2115166.000000 
2117575.000000 
2118950.000000 
2119336.000000 
2118595.000000 
2116948.000000 
2114109.000000 
2110417.000000 
2105478.000000 
2099747.000000 
2092725.000000 
2084993.000000 
2075951.000000 
2066283.000000 
2055331.000000 
2043806.000000 
2031018.000000 
2017720.000000 
2003277.000000 
1988347.000000 
1972396.000000 
1955963.000000 
1938658.000000 
1920913.000000 
1902395.000000 
1883481.000000 
1863960.000000 
1844057.000000 
1823707.000000 
1802993.000000 
1781973.000000 
1760655.000000 
1739176.000000 
1717416.000000 
1695667.000000 
1673651.000000 
1651781.000000 
1629700.000000 
1607906.000000 
1585901.000000 
1564316.000000 
1542580.000000 
1521330.000000 
1499969.000000 
1479199.000000 
1458375.000000 
1438144.000000 
1417984.000000 
1398424.000000 
1379002.000000 
1360211.000000 
1341616.000000 
1323633.000000 
1305937.000000 
1288792.000000 
1272011.000000 
1255774.000000 
1239965.000000 
1224628.000000 
1209790.000000 
1195386.000000 
1181512.000000 
1168025.000000 
1155108.000000 
1142508.000000 
1130554.000000 
1118823.000000 
1107746.000000 
1096863.000000 
1086651.000000 
1076537.000000 
1067119.000000 
1057751.000000 
1049034.000000 
1040391.000000 
1032331.000000 
1024347.000000 
1016893.000000 
1009506.000000 
1002577.000000 
995747.000000 
989283.000000 
982934.000000 
976882.000000 
970956.000000 
965243.000000 
959696.000000 
954282.000000 
949042.000000 
943883.000000 
938917.000000 
933952.000000 
929209.000000 
924409.000000 
919849.000000 
915184.000000 
910772.000000 
906201.000000 
901917.000000 
897413.000000 
893219.000000 
888777.000000 
884626.000000 
880243.000000 
876132.000000 
871787.000000 
867673.000000 
863386.000000 
859274.000000 
855018.000000 
850915.000000 
846700.000000 
842580.000000 
838409.000000 
834266.000000 
830121.000000 
825973.000000 
821867.000000 
817728.000000 
813671.000000 
809511.000000 
805495.000000 
801354.000000 
797367.000000 
793228.000000 
789307.000000 
785170.000000 
781295.000000 
777183.000000 
773331.000000 
769241.000000 
765403.000000 
761350.000000 
757527.000000 
753539.000000 
749735.000000 
745783.000000 
741993.000000 
738084.000000 
734290.000000 
730430.000000 
726636.000000 
722816.000000 
719006.000000 
715209.000000 
711397.000000 
707625.000000 
703793.000000 
700041.000000 
696182.000000 
692444.000000 
688562.000000 
684824.000000 
680900.000000 
677156.000000 
673201.000000 
669428.000000 
665421.000000 
661624.000000 
657581.000000 
653730.000000 
649662.000000 
645756.000000 
641656.000000 
637696.000000 
633555.000000 
629523.000000 
625355.000000 
621265.000000 
617081.000000 
612929.000000 
608715.000000 
604491.000000 
600251.000000 
595977.000000 
591709.000000 
587382.000000 
583117.000000 
578745.000000 
574484.000000 
570065.000000 
565805.000000 
561370.000000 
557119.000000 
552682.000000 
548452.000000 
544014.000000 
539810.000000 
535416.000000 
531220.000000 
526880.000000 
522746.000000 
518473.000000 
514380.000000 
510219.000000 
506184.000000 
502121.000000 
498188.000000 
494239.000000 
490396.000000 
486597.000000 
482855.000000 
479190.000000 
475590.000000 
472094.000000 
468621.000000 
465307.000000 
461978.000000 
458836.000000 
455680.000000 
452735.000000 
449727.000000 
446987.000000 
444172.000000 
441622.000000 
438978.000000 
436619.000000 
434170.000000 
432004.000000 
429765.000000 
427765.000000 
425751.000000 
423932.000000 
422117.000000 
420475.000000 
418850.000000 
417363.000000 
415942.000000 
414618.000000 
413368.000000 
412196.000000 
411096.000000 
410054.000000 
409135.000000 
408199.000000 
407414.000000 
406602.000000 
405942.000000 
405221.000000 
404673.000000 
404022.000000 
403562.000000 
402978.000000 
402578.000000 
402042.000000 
401686.000000 
401201.000000 
400865.000000 
400412.000000 
400074.000000 
399639.000000 
399307.000000 
398867.000000 
398509.000000 
398076.000000 
397667.000000 
397198.000000 
396727.000000 
396219.000000 
395685.000000 
395124.000000 
394511.000000 
393898.000000 
393199.000000 
392520.000000 
391724.000000 
390989.000000 
390090.000000 
389279.000000 
388287.000000 
387390.000000 
386291.000000 
385321.000000 
384138.000000 
383053.000000 
381783.000000 
380611.000000 
379263.000000 
378008.000000 
376597.000000 
375262.000000 
373804.000000 
372385.000000 
370883.000000 
369399.000000 
367858.000000 
366306.000000 
364747.000000 
363152.000000 
361584.000000 
359968.000000 
358403.000000 
356776.000000 
355231.000000 
353600.000000 
352078.000000 
350477.000000 
349000.000000 
347420.000000 
345999.000000 
344461.000000 
343081.000000 
341606.000000 
340289.000000 
338888.000000 
337645.000000 
336332.000000 
335165.000000 
333951.000000 
332860.000000 
331746.000000 
330737.000000 
329732.000000 
328803.000000 
327897.000000 
327040.000000 
326219.000000 
325441.000000 
324718.000000 
324002.000000 
323372.000000 
322720.000000 
322171.000000 
321571.000000 
321089.000000 
320530.000000 
320105.000000 
319580.000000 
319190.000000 
318695.000000 
318336.000000 
317864.000000 
317509.000000 
317056.000000 
316693.000000 
316252.000000 
315866.000000 
315401.000000 
315006.000000 
314534.000000 
314096.000000 
313604.000000 
313122.000000 
312593.000000 
312062.000000 
311501.000000 
310921.000000 
310340.000000 
309708.000000 
309109.000000 
308424.000000 
307789.000000 
307070.000000 
306431.000000 
305676.000000 
305020.000000 
304264.000000 
303594.000000 
302824.000000 
302174.000000 
301441.000000 
300804.000000 
300107.000000 
299525.000000 
298896.000000 
298378.000000 
297833.000000 
297395.000000 
296957.000000 
296618.000000 
296306.000000 
296091.000000 
295935.000000 
295863.000000 
295872.000000 
295955.000000 
296158.000000 
296422.000000 
296833.000000 
297294.000000 
297931.000000 
298596.000000 
299455.000000 
300348.000000 
301440.000000 
302558.000000 
303886.000000 
305228.000000 
306774.000000 
308358.000000 
310136.000000 
311936.000000 
313938.000000 
315970.000000 
318164.000000 
320391.000000 
322761.000000 
325173.000000 
327708.000000 
330284.000000 
332926.000000 
335635.000000 
338392.000000 
341186.000000 
344004.000000 
346878.000000 
349729.000000 
352628.000000 
355473.000000 
358350.000000 
361145.000000 
363968.000000 
366672.000000 
369390.000000 
371958.000000 
374535.000000 
376939.000000 
379320.000000 
381511.000000 
383669.000000 
385616.000000 
387498.000000 
389180.000000 
390756.000000 
392132.000000 
393368.000000 
394400.000000 
395270.000000 
395942.000000 
396425.000000 
396704.000000 
396782.000000 
396677.000000 
396335.000000 
395820.000000 
395068.000000 
394152.000000 
392970.000000 
391633.000000 
390047.000000 
388319.000000 
386311.000000 
384183.000000 
381796.000000 
379292.000000 
376529.000000 
373662.000000 
370564.000000 
367364.000000 
363957.000000 
360454.000000 
356756.000000 
352984.000000 
349046.000000 
345029.000000 
340884.000000 
336660.000000 
332344.000000 
327958.000000 
323503.000000 
318983.000000 
314441.000000 
309839.000000 
305232.000000 
300587.000000 
295968.000000 
291307.000000 
286701.000000 
282058.000000 
277506.000000 
272920.000000 
268430.000000 
263937.000000 
259550.000000 
255176.000000 
250926.000000 
246701.000000 
242605.000000 
238542.000000 
234614.000000 
230726.000000 
226978.000000 
223291.000000 
219731.000000 
216248.000000 
212900.000000 
209628.000000 
206468.000000 
203407.000000 
200461.000000 
197621.000000 
194872.000000 
192249.000000 
189697.000000 
187272.000000 
184913.000000 
182696.000000 
180513.000000 
178481.000000 
176478.000000 
174610.000000 
172757.000000 
171049.000000 
169360.000000 
167784.000000 
166233.000000 
164789.000000 
163359.000000 
162032.000000 
160710.000000 
159471.000000 
158249.000000 
157096.000000 
155954.000000 
154862.000000 
153795.000000 
152750.000000 
151731.000000 
150734.000000 
149760.000000 
148790.000000 
147857.000000 
146895.000000 
145981.000000 
145032.000000 
144136.000000 
143189.000000 
142293.000000 
141349.000000 
140447.000000 
139491.000000 
138578.000000 
137620.000000 
136704.000000 
135741.000000 
134809.000000 
133831.000000 
132883.000000 
131895.000000 
130931.000000 
129937.000000 
128956.000000 
127954.000000 
126961.000000 
125958.000000 
124958.000000 
123954.000000 
122945.000000 
121958.000000 
120949.000000 
119961.000000 
118955.000000 
117983.000000 
116979.000000 
116025.000000 
115033.000000 
114096.000000 
113121.000000 
112207.000000 
111252.000000 
110354.000000 
109434.000000 
108559.000000 
107671.000000 
106822.000000 
105958.000000 
105138.000000 
104306.000000 
103509.000000 
102714.000000 
101943.000000 
101181.000000 
100437.000000 
99708.000000 
98989.000000 
98298.000000 
97601.000000 
96943.000000 
96279.000000 
95641.000000 
94998.000000 
94385.000000 
93757.000000 
93173.000000 
92565.000000 
91994.000000 
91401.000000 
90849.000000 
90259.000000 
89715.000000 
89148.000000 
88606.000000 
88040.000000 
87505.000000 
86942.000000 
86400.000000 
85844.000000 
85292.000000 
84732.000000 
84176.000000 
83610.000000 
83035.000000 
82463.000000 
81880.000000 
81303.000000 
80706.000000 
80113.000000 
79502.000000 
78910.000000 
78280.000000 
77666.000000 
77028.000000 
76404.000000 
75743.000000 
75103.000000 
74431.000000 
73781.000000 
73098.000000 
72441.000000 
71746.000000 
71081.000000 
70384.000000 
69710.000000 
69003.000000 
68318.000000 
67613.000000 
66920.000000 
66211.000000 
65516.000000 
64817.000000 
64122.000000 
63424.000000 
62728.000000 
62036.000000 
61346.000000 
60666.000000 
59978.000000 
59315.000000 
58638.000000 
57988.000000 
57318.000000 
56689.000000 
56024.000000 
55407.000000 
54773.000000 
54170.000000 
53552.000000 
52967.000000 
52373.000000 
51812.000000 
51241.000000 
50700.000000 
50152.000000 
49636.000000 
49113.000000 
48611.000000 
48120.000000 
47644.000000 
47179.000000 
46728.000000 
46287.000000 
45861.000000 
45454.000000 
45051.000000 
44668.000000 
44284.000000 
43930.000000 
43572.000000 
43245.000000 
42903.000000 
42602.000000 
42284.000000 
41994.000000 
41689.000000 
41425.000000 
41141.000000 
40889.000000 
40626.000000 
40382.000000 
40131.000000 
39903.000000 
39663.000000 
39439.000000 
39213.000000 
38999.000000 
38775.000000 
38559.000000 
38341.000000 
38131.000000 
37917.000000 
37707.000000 
37501.000000 
37278.000000 
37069.000000 
36840.000000 
36624.000000 
36386.000000 
36165.000000 
35921.000000 
35691.000000 
35433.000000 
35191.000000 
34923.000000 
34669.000000 
34395.000000 
34129.000000 
33839.000000 
33560.000000 
33258.000000 
32970.000000 
32655.000000 
32350.000000 
32033.000000 
31712.000000 
31386.000000 
31052.000000 
30716.000000 
30375.000000 
30031.000000 
29684.000000 
29338.000000 
28980.000000 
28632.000000 
28268.000000 
27918.000000 
27549.000000 
27199.000000 
26832.000000 
26489.000000 
26121.000000 
25778.000000 
25414.000000 
25079.000000 
24726.000000 
24397.000000 
24054.000000 
23729.000000 
23401.000000 
23080.000000 
22763.000000 
22464.000000 
22160.000000 
21871.000000 
21589.000000 
21312.000000 
21042.000000 
20786.000000 
20536.000000 
20290.000000 
20061.000000 
19837.000000 
19622.000000 
19408.000000 
19216.000000 
19023.000000 
18848.000000 
18670.000000 
18507.000000 
18343.000000 
18198.000000 
18047.000000 
17916.000000 
17782.000000 
17665.000000 
17541.000000 
17433.000000 
17318.000000 
17221.000000 
17117.000000 
17026.000000 
16926.000000 
16839.000000 
16746.000000 
16662.000000 
16570.000000 
16485.000000 
16394.000000 
16305.000000 
16215.000000 
16116.000000 
16025.000000 
15920.000000 
15827.000000 
15712.000000 
15610.000000 
15494.000000 
15382.000000 
15257.000000 
15139.000000 
15001.000000 
14872.000000 
14731.000000 
14594.000000 
14442.000000 
14297.000000 
14139.000000 
13986.000000 
13822.000000 
13658.000000 
13490.000000 
13322.000000 
13148.000000 
12979.000000 
12809.000000 
12635.000000 
12468.000000 
12293.000000 
12130.000000 
11958.000000 
11799.000000 
11636.000000 
11482.000000 
11324.000000 
11183.000000 
11042.000000 
10913.000000 
10785.000000 
10673.000000 
10557.000000 
10463.000000 
10369.000000 
10292.000000 
10220.000000 
10166.000000 
10119.000000 
10084.000000 
10059.000000 
10050.000000 
10051.000000 
10068.000000 
10098.000000 
10141.000000 
10195.000000 
10267.000000 
10349.000000 
10439.000000 
10546.000000 
10659.000000 
10791.000000 
10923.000000 
11076.000000 
11232.000000 
11407.000000 
11581.000000 
11770.000000 
11959.000000 
12169.000000 
12372.000000 
12587.000000 
12800.000000 
13020.000000 
13239.000000 
13465.000000 
13683.000000 
13905.000000 
14126.000000 
14343.000000 
14552.000000 
14759.000000 
14964.000000 
15164.000000 
15350.000000 
15532.000000 
15705.000000 
15863.000000 
16017.000000 
16152.000000 
16280.000000 
16391.000000 
16493.000000 
16573.000000 
16643.000000 
16692.000000 
16733.000000 
16752.000000 
16762.000000 
16743.000000 
16719.000000 
16669.000000 
16609.000000 
16522.000000 
16429.000000 
16313.000000 
16185.000000 
16037.000000 
15873.000000 
15691.000000 
15498.000000 
15286.000000 
15062.000000 
14826.000000 
14575.000000 
14313.000000 
14037.000000 
13753.000000 
13454.000000 
13156.000000 
12842.000000 
12524.000000 
12194.000000 
11867.000000 
11528.000000 
11187.000000 
10841.000000 
10499.000000 
10152.000000 
9808.000000 
9457.000000 
9114.000000 
8769.000000 
8433.000000 
8092.000000 
7760.000000 
7433.000000 
7112.000000 
6795.000000 
6482.000000 
6177.000000 
5881.000000 
5594.000000 
5313.000000 
5042.000000 
4779.000000 
4528.000000 
4283.000000 
4053.000000 
3828.000000 
3619.000000 
3414.000000 
3221.000000 
3031.000000 
2861.000000 
2692.000000 
2540.000000 
2390.000000 
2256.000000 
2128.000000 
2008.000000 
1895.000000 
1794.000000 
1700.000000 
1614.000000 
1532.000000 
1462.000000 
1394.000000 
1335.000000 
1284.000000 
1234.000000 
1192.000000 
1152.000000 
1121.000000 
1088.000000 
1065.000000 
1040.000000 
1023.000000 
1004.000000 
992.000000 
977.000000 
972.000000 
961.000000 
953.000000 
943.000000 
935.000000 
924.000000 
919.000000 
912.000000 
906.000000 
897.000000 
891.000000 
882.000000 
872.000000 
862.000000 
851.000000 
839.000000 
828.000000 
812.000000 
798.000000 
782.000000 
764.000000 
745.000000 
727.000000 
709.000000 
687.000000 
669.000000 
647.000000 
625.000000 
602.000000 
583.000000 
559.000000 
536.000000 
513.000000 
490.000000 
464.000000 
442.000000 
417.000000 
399.000000 
377.000000 
357.000000 
336.000000 
320.000000 
299.000000 
282.000000 
267.000000 
253.000000 
239.000000 
227.000000 
218.000000 
207.000000 
200.000000 
193.000000 
189.000000 
185.000000 
182.000000 
182.000000 
184.000000 
184.000000 
189.000000 
192.000000 
199.000000 
205.000000 
212.000000 
219.000000 
229.000000 
236.000000 
248.000000 
260.000000 
272.000000 
285.000000 
299.000000 
312.000000 
325.000000 
337.000000 
352.000000 
367.000000 
380.000000 
392.000000 
405.000000 
419.000000 
430.000000 
442.000000 
453.000000 
464.000000 
474.000000 
485.000000 
494.000000 
503.000000 
511.000000 
518.000000 
522.000000 
531.000000 
533.000000 
541.000000 
543.000000 
546.000000 
549.000000 
552.000000 
552.000000 
553.000000 
553.000000 
551.000000 
550.000000 
547.000000 
545.000000 
542.000000 
541.000000 
536.000000 
532.000000 
529.000000 
524.000000 
519.000000 
515.000000 
507.000000 
503.000000 
496.000000 
492.000000 
486.000000 
481.000000 
476.000000 
472.000000 
466.000000 
462.000000 
456.000000 
452.000000 
447.000000 
443.000000 
439.000000 
437.000000 
434.000000 
432.000000 
430.000000 
429.000000 
426.000000 
425.000000 
424.000000 
422.000000 
421.000000 
420.000000 
418.000000 
416.000000 
416.000000 
414.000000 
414.000000 
413.000000 
412.000000 
413.000000 
415.000000 
415.000000 
417.000000 
419.000000 
421.000000 
423.000000 
425.000000 
428.000000 
431.000000 
433.000000 
436.000000 
439.000000 
440.000000 
442.000000 
443.000000 
444.000000 
445.000000 
447.000000 
449.000000 
450.000000 
452.000000 
453.000000 
454.000000 
455.000000 
455.000000 
456.000000 
457.000000 
456.000000 
455.000000 
454.000000 
453.000000 
451.000000 
449.000000 
447.000000 
444.000000 
441.000000 
437.000000 
434.000000 
430.000000 
426.000000 
422.000000 
418.000000 
413.000000 
409.000000 
404.000000 
399.000000 
394.000000 
389.000000 
384.000000 
379.000000 
373.000000 
367.000000 
361.000000 
354.000000 
347.000000 
340.000000 
334.000000 
325.000000 
319.000000 
311.000000 
304.000000 
298.000000 
292.000000 
286.000000 
280.000000 
273.000000 
266.000000 
259.000000 
252.000000 
245.000000 
238.000000 
231.000000 
224.000000 
217.000000 
210.000000 
203.000000 
196.000000 
189.000000 
183.000000 
178.000000 
173.000000 
169.000000 
164.000000 
160.000000 
156.000000 
152.000000 
148.000000 
144.000000 
140.000000 
136.000000 
132.000000 
128.000000 
124.000000 
120.000000 
116.000000 
112.000000 
108.000000 
105.000000 
101.000000 
98.000000 
95.000000 
92.000000 
89.000000 
86.000000 
83.000000 
80.000000 
77.000000 
74.000000 
71.000000 
68.000000 
65.000000 
62.000000 
59.000000 
56.000000 
53.000000 
50.000000 
47.000000 
45.000000 
42.000000 
40.000000 
38.000000 
36.000000 
35.000000 
34.000000 
33.000000 
32.000000 
31.000000 
30.000000 
29.000000 
28.000000 
27.000000 
26.000000 
25.000000 
24.000000 
23.000000 
22.000000 
21.000000 
20.000000 
19.000000 
18.000000 
17.000000 
16.000000 
15.000000 
14.000000 
13.000000 
12.000000 
11.000000 
10.000000 
9.000000 
8.000000 
7.000000 
6.000000 
5.000000 
4.000000 
3.000000 
2.000000 
1.000000 
0.000000 
0.000000 
0.000000 
0.000000 
0.000000 
0.000000 
0.000000 
0.000000 
0.000000 
0.000000 
0.000000 
0.000000 
0.000000 
0.000000 
0.000000 
0.000000 
0.000000 
0.000000 
0.000000 
0.000000 
0.000000 
0.000000 
0.000000 
0.000000 
0.000000 
0.000000 
0.000000 
0.000000 
0.000000 
0.000000 
0.000000 
0.000000 
0.000000 
0.000000 
0.000000 
0.000000 
0.000000 
0.000000 
0.000000 
0.000000 
0.000000 
0.000000 
0.000000 
0.000000 
0.000000 
0.000000 
0.000000 
0.000000 
0.000000 
0.000000 
0.000000 
0.000000 
0.000000 
0.000000 
0.000000 
0.000000 
0.000000 
0.000000 
0.000000 
0.000000 
0.000000 
0.000000 
0.000000 
0.000000 
0.000000 
0.000000 
0.000000 
0.000000 
0.000000 
0.000000 
0.000000 
0.000000 
0.000000 
0.000000 
0.000000 
0.000000 
0.000000 
0.000000 
0.000000 
0.000000 
0.000000 
0.000000 
0.000000 
0.000000 
0.000000 
0.000000 
0.000000 
0.000000 
0.000000 
0.000000 
0.000000 
0.000000 
0.000000 
0.000000 
0.000000 
0.000000 
0.000000 
0.000000 
0.000000 
0.000000 
0.000000 
0.000000 
0.000000 
0.000000 
0.000000 
0.000000 
0.000000 
0.000000 
0.000000 
0.000000 
0.000000 
0.000000 
0.000000 
0.000000 
0.000000 
0.000000 
0.000000 
0.000000 
0.000000 
0.000000 
0.000000 
0.000000 
0.000000 
0.000000 
0.000000 
0.000000 
0.000000 
0.000000 
0.000000 
0.000000 
0.000000 
0.000000 
0.000000 
0.000000 
0.000000 
0.000000 
0.000000 
0.000000 
0.000000 
0.000000 
0.000000 
0.000000 
0.000000 
0.000000 
0.000000 
0.000000 
0.000000 
0.000000 
0.000000 
0.000000 
0.000000 
0.000000 
0.000000 
0.000000 
0.000000 
0.000000 
0.000000 
0.000000 
0.000000 
0.000000 
0.000000 
0.000000 
0.000000 
